3.526993607981009404e-16
1.301712278597958882e-16
6.255272420978170252e-17
3.826956210363299472e-17
2.880101396895470764e-17
2.525190512715553666e-17
2.377508565006241778e-17
2.215663865438901712e-17
1.961270228133518651e-17
1.669590981893634213e-17
1.417756446134585297e-17
1.237471897714413970e-17
1.123532169615050610e-17
1.056205018919274968e-17
1.013139057026547622e-17
9.752102702003122264e-18
9.315364550944195200e-18
8.816063603333841127e-18
8.319860054829651841e-18
7.901400588639889484e-18
7.600329632344064586e-18
7.412989719780863941e-18
7.304119180227435921e-18
7.225692573588792287e-18
7.136939294782005640e-18
7.018593565818057903e-18
6.880796932369314793e-18
6.751001181830186114e-18
6.657688545483788328e-18
6.614516770252267745e-18
6.615080197520163502e-18
6.639914259205253322e-18
6.664713346608754928e-18
6.668736797868641299e-18
6.648969532081708144e-18
6.627680546097965289e-18
6.641436086134746283e-18
6.718515956796183637e-18
6.867554537819031242e-18
7.086537034463997552e-18
7.360741366169550422e-18
7.652975576360820089e-18
7.930068553813058629e-18
8.199495272706900263e-18
8.509198101214653964e-18
8.909695490208052486e-18
9.429289626604777494e-18
1.008602611103797767e-17
1.085087255191697777e-17
