1.851216065151566589e-07
2.070364536587111366e-07
1.654396463501410972e-07
1.298587926236546739e-07
1.037963755889227868e-07
8.500340760505680104e-08
7.117592315973034991e-08
6.064644341223429073e-08
5.235550551005363453e-08
4.563948727502572397e-08
4.008970677282666308e-08
3.544545108311670830e-08
3.152992707931507164e-08
2.821538975014516278e-08
2.539918755565093139e-08
2.299802902060408092e-08
2.093906846534950018e-08
1.915970965626441259e-08
1.761479219895346019e-08
1.625980365250609831e-08
1.506100331182277112e-08
1.399270865696037635e-08
1.303469175822062095e-08
1.217142136692231679e-08
1.139062170977155843e-08
1.068248709069833322e-08
1.003893968959209794e-08
9.453040513679236352e-09
8.918702727193416905e-09
8.430507082807196121e-09
7.983482010146271052e-09
7.573107542780286307e-09
7.195338880167748161e-09
6.846496431913139203e-09
6.523387554482245441e-09
6.223220157404191672e-09
5.943614484243882407e-09
5.682595258620374594e-09
5.438450312537460806e-09
5.209754148328575078e-09
4.995305106803718405e-09
4.794027192479037478e-09
4.604922949687017155e-09
4.427100951512199936e-09
4.259701186965668052e-09
4.101895060985036026e-09
3.952948226287526823e-09
3.812087065682194743e-09
3.677119264710257810e-09
