1.320754251788975052e-15 2.871367721232108261e-17 2.015339110569350302e-17 1.050770137625161627e-17 -2.293329274073659704e-18 1.492360238061140786e-17 2.000536149726732746e-18 8.555203755093435311e-19 -2.571854286957865858e-18 4.360434266831184189e-18 -2.035699434481926861e-18 5.776299868671690504e-18 -7.287058764868946105e-19 8.832847225444319783e-19 1.163239954233544544e-18 1.726066763412111097e-18 2.133004447993607820e-18 -2.870283635845169354e-18
2.871367721232108261e-17 4.970375539272274959e-16 -5.629279644506613400e-18 -1.455360542050103826e-18 -2.209478401203136276e-18 -4.855936778355990302e-19 -1.365956909577831866e-18 5.139581448725869025e-18 7.214970492303305136e-19 -1.374428230713325831e-18 -3.051992193160350743e-18 -3.796188229118368650e-18 -2.044210716940719191e-18 -1.358764276788074648e-18 -3.424936049095485976e-18 7.281422720890014635e-19 3.406921959392869811e-19 1.366587925309641266e-18
2.015339110569350302e-17 -5.629279644506613400e-18 1.983594027526088584e-16 9.645958278924652926e-18 -4.237882819061543569e-18 -5.470928159331744523e-18 4.461022699416807075e-18 1.001682662849095027e-18 -5.739520242896023762e-19 2.658760638490277043e-18 -1.372619148778357725e-18 1.252177845346767092e-18 1.162192037286355323e-18 -8.597815814273373843e-19 -6.717463393638209039e-19 5.382126139686747903e-19 2.605129495268316816e-19 1.072155684458409585e-18
1.050770137625161627e-17 -1.455360542050103826e-18 9.645958278924652926e-18 7.383461837853611377e-17 9.550856911398902888e-19 -4.215977312136818286e-18 4.184689831706360473e-18 2.121534408234702821e-18 7.818603919798311079e-19 1.541773834565351571e-19 9.629225772362132538e-19 1.267444729027548706e-18 3.185266010486592008e-19 3.473589833334705145e-19 1.339443696501504326e-18 1.491919100615221882e-18 1.387544362925659583e-18 7.636066050433133941e-19
-2.293329274073659704e-18 -2.209478401203136276e-18 -4.237882819061543569e-18 9.550856911398902888e-19 4.185360056431562721e-17 1.756163318841533643e-18 -6.024098256427097338e-19 3.287858788090145111e-18 9.806620564274556811e-19 1.012302855147239053e-18 2.775046147115515357e-19 1.756238981426395723e-18 5.848738945494138351e-19 1.001499959662292897e-18 1.733405238614405314e-19 1.319339290827757723e-19 4.311758217564753032e-19 1.005221836239698795e-18
1.492360238061140786e-17 -4.855936778355990302e-19 -5.470928159331744523e-18 -4.215977312136818286e-18 1.756163318841533643e-18 2.078527751598063720e-17 1.109475683790082279e-18 -1.236535791261348983e-20 -2.233157462599186907e-19 6.765554521781864869e-19 4.472049489008283196e-19 2.890449287078879854e-19 2.413100979460070564e-19 5.540941044771416196e-19 2.048494842536902936e-19 3.936354170713177862e-19 1.425042568162592595e-19 2.612534035858186696e-19
2.000536149726732746e-18 -1.365956909577831866e-18 4.461022699416807075e-18 4.184689831706360473e-18 -6.024098256427097338e-19 1.109475683790082279e-18 1.397288955541294758e-17 6.694620910098289063e-19 1.216343514841552590e-18 8.114231941677214399e-19 4.368526809654417522e-19 7.755757158525244858e-19 8.133684803244384461e-19 7.824446647755133949e-19 4.208362207238396619e-19 5.135561144630150692e-19 6.666096549197430805e-19 4.620654998369981689e-19
8.555203755093435311e-19 5.139581448725869025e-18 1.001682662849095027e-18 2.121534408234702821e-18 3.287858788090145111e-18 -1.236535791261348983e-20 6.694620910098289063e-19 1.654884333238531744e-17 1.202756704993529375e-18 3.172587635468930555e-19 5.444451884766706209e-19 1.001045604462113779e-18 4.503901223038642216e-19 2.310422402241860083e-19 4.315347001624377887e-19 3.637800239676477570e-19 2.964653312803406068e-19 5.014676221106496028e-19
-2.571854286957865858e-18 7.214970492303305136e-19 -5.739520242896023762e-19 7.818603919798311079e-19 9.806620564274556811e-19 -2.233157462599186907e-19 1.216343514841552590e-18 1.202756704993529375e-18 1.303016468754201956e-17 1.000562071489215173e-20 3.403038091042161617e-19 7.588422636342107602e-19 4.200958824898148987e-19 5.085620407889700381e-19 6.438434315128487487e-19 5.321608057242592462e-19 6.081435119754749677e-19 5.231512243402830438e-19
4.360434266831184189e-18 -1.374428230713325831e-18 2.658760638490277043e-18 1.541773834565351571e-19 1.012302855147239053e-18 6.765554521781864869e-19 8.114231941677214399e-19 3.172587635468930555e-19 1.000562071489215173e-20 7.280611811897135495e-18 5.846523827684203601e-20 3.325320870597505815e-19 5.330128610516954760e-19 7.038073760514854542e-19 6.008853661306818341e-19 4.249431497282022628e-19 6.304929051794151048e-19 5.957037765838652790e-19
-2.035699434481926861e-18 -3.051992193160350743e-18 -1.372619148778357725e-18 9.629225772362132538e-19 2.775046147115515357e-19 4.472049489008283196e-19 4.368526809654417522e-19 5.444451884766706209e-19 3.403038091042161617e-19 5.846523827684203601e-20 5.219604162377915312e-18 3.163050288111862963e-19 1.602226361267117111e-19 4.618968977261055665e-19 3.005957075433077271e-19 3.240297949769345436e-19 4.712995654475077725e-19 2.631212316250890765e-19
5.776299868671690504e-18 -3.796188229118368650e-18 1.252177845346767092e-18 1.267444729027548706e-18 1.756238981426395723e-18 2.890449287078879854e-19 7.755757158525244858e-19 1.001045604462113779e-18 7.588422636342107602e-19 3.325320870597505815e-19 3.163050288111862963e-19 5.361858904474610399e-18 7.700072779422869688e-19 7.973121212752199402e-19 6.140129232444054192e-19 6.793165587764935407e-19 5.073590864870400565e-19 5.764952182703227346e-19
-7.287058764868946105e-19 -2.044210716940719191e-18 1.162192037286355323e-18 3.185266010486592008e-19 5.848738945494138351e-19 2.413100979460070564e-19 8.133684803244384461e-19 4.503901223038642216e-19 4.200958824898148987e-19 5.330128610516954760e-19 1.602226361267117111e-19 7.700072779422869688e-19 3.422612294890206061e-18 3.056547125122173465e-19 4.052983134754357325e-19 3.714580734726372822e-19 2.251615701860499482e-19 5.070476595587652363e-19
8.832847225444319783e-19 -1.358764276788074648e-18 -8.597815814273373843e-19 3.473589833334705145e-19 1.001499959662292897e-18 5.540941044771416196e-19 7.824446647755133949e-19 2.310422402241860083e-19 5.085620407889700381e-19 7.038073760514854542e-19 4.618968977261055665e-19 7.973121212752199402e-19 3.056547125122173465e-19 2.550442916983690431e-18 5.963074505516180563e-19 4.560375365701622459e-19 5.780459223479349397e-19 5.422397082949257911e-19
1.163239954233544544e-18 -3.424936049095485976e-18 -6.717463393638209039e-19 1.339443696501504326e-18 1.733405238614405314e-19 2.048494842536902936e-19 4.208362207238396619e-19 4.315347001624377887e-19 6.438434315128487487e-19 6.008853661306818341e-19 3.005957075433077271e-19 6.140129232444054192e-19 4.052983134754357325e-19 5.963074505516180563e-19 2.394006953503158301e-18 7.491688129709548129e-19 5.622329289357883813e-19 6.356011790510524252e-19
1.726066763412111097e-18 7.281422720890014635e-19 5.382126139686747903e-19 1.491919100615221882e-18 1.319339290827757723e-19 3.936354170713177862e-19 5.135561144630150692e-19 3.637800239676477570e-19 5.321608057242592462e-19 4.249431497282022628e-19 3.240297949769345436e-19 6.793165587764935407e-19 3.714580734726372822e-19 4.560375365701622459e-19 7.491688129709548129e-19 2.103275662312587303e-18 6.624257327759116958e-19 7.203685021323849204e-19
2.133004447993607820e-18 3.406921959392869811e-19 2.605129495268316816e-19 1.387544362925659583e-18 4.311758217564753032e-19 1.425042568162592595e-19 6.666096549197430805e-19 2.964653312803406068e-19 6.081435119754749677e-19 6.304929051794151048e-19 4.712995654475077725e-19 5.073590864870400565e-19 2.251615701860499482e-19 5.780459223479349397e-19 5.622329289357883813e-19 6.624257327759116958e-19 2.190409919418656678e-18 8.765671592784629389e-19
-2.870283635845169354e-18 1.366587925309641266e-18 1.072155684458409585e-18 7.636066050433133941e-19 1.005221836239698795e-18 2.612534035858186696e-19 4.620654998369981689e-19 5.014676221106496028e-19 5.231512243402830438e-19 5.957037765838652790e-19 2.631212316250890765e-19 5.764952182703227346e-19 5.070476595587652363e-19 5.422397082949257911e-19 6.356011790510524252e-19 7.203685021323849204e-19 8.765671592784629389e-19 2.414745584087666458e-18
