0.000000000000000000e+00
0.000000000000000000e+00
8.180952214691420113e-08
9.944514248094389169e-08
1.144861775304373404e-07
1.275211135499124312e-07
1.388906765408208344e-07
1.488958768482438724e-07
1.577454458848858838e-07
1.656177981511694171e-07
1.726266626058015035e-07
1.789250475167361892e-07
1.845181435415218754e-07
1.895719801287275992e-07
1.940698445704836846e-07
1.981316404091920957e-07
2.017636513001433296e-07
2.050100467840984147e-07
2.079269749164415712e-07
2.105308387618705762e-07
2.128345653850132642e-07
2.148730042466394861e-07
2.166813103082295119e-07
2.182735716669927775e-07
2.196608274603588915e-07
2.208612071376384778e-07
2.218936821942334422e-07
2.227729179162564724e-07
2.235097352974578135e-07
2.241042575544162691e-07
2.245582308975482770e-07
2.248897964612312495e-07
2.251180070548547703e-07
2.252492729119574551e-07
2.252873161731977823e-07
2.252385664516657443e-07
2.251097852447758157e-07
2.249069364128961326e-07
2.246351340945983162e-07
2.242980931856662151e-07
2.238989167428282790e-07
2.234408976718427034e-07
2.229277869011870068e-07
2.223635341495278864e-07
2.217520525986217049e-07
2.210972235775617759e-07
2.204029291208083641e-07
2.196718817209171811e-07
2.189066787095377808e-07
2.181100019597024799e-07
2.172843945168808938e-07
2.164324010204700740e-07
2.155557866635103876e-07
2.146561237321053293e-07
2.137351264608037721e-07
2.127942578369029084e-07
2.118351606560259741e-07
2.108588348237332438e-07
2.098661673384233369e-07
2.088580194661653164e-07
2.078352756895909889e-07
2.067990275916094372e-07
2.057507661548641972e-07
2.046920926803174679e-07
2.036246067734601671e-07
2.025500238645223789e-07
2.014698055345153743e-07
2.003847135057557977e-07
1.992955849733194846e-07
1.982031402108563813e-07
1.971080084648638540e-07
1.960108603803647663e-07
1.949118408831132095e-07
1.938109761246802387e-07
1.927082936382250701e-07
1.916038446189257466e-07
1.904977378486529922e-07
1.893905972656630948e-07
1.882829933574798994e-07
1.871756076620684389e-07
1.860691865275183385e-07
1.849642619174908236e-07
1.838613978300113886e-07
1.827609031777988563e-07
1.816633016955388119e-07
1.805689894411014006e-07
1.794783682650460579e-07
1.783917323175748675e-07
1.773092967271048657e-07
1.762312363051080909e-07
1.751577684538212128e-07
1.740891471531197822e-07
1.730254849352565751e-07
1.719667693393936907e-07
1.709131303822562398e-07
1.698646976002899787e-07
1.688215014990336341e-07
1.677836528470413882e-07
1.667512234594466024e-07
1.657243054520227886e-07
1.647030106590117491e-07
1.636873743968858458e-07
1.626775669546483607e-07
1.616736249351048208e-07
1.606756807309529113e-07
1.596838102640009937e-07
1.586981089411655491e-07
1.577187095447384168e-07
1.567456527134315797e-07
1.557790720466426414e-07
1.548191007233201824e-07
1.538657807134541894e-07
1.529191162176002941e-07
1.519791110203586416e-07
1.510457336088284879e-07
1.501190765273733341e-07
1.491990554680748792e-07
1.482856230751656681e-07
1.473788542468478063e-07
1.464786849293878062e-07
1.455851893517325096e-07
1.446982705110730946e-07
1.438180025855702663e-07
1.429443240816731900e-07
1.420772918496246355e-07
1.412168622098997031e-07
1.403630256788615261e-07
1.395158387191910699e-07
1.386752264869236282e-07
1.378412617531552439e-07
1.370139193097527317e-07
1.361931823909311219e-07
1.353790488652164413e-07
1.345714127392631786e-07
1.337702481430069141e-07
1.329755132919703703e-07
1.321871820058491491e-07
1.314051815027433819e-07
1.306294858423624973e-07
1.298600077579338940e-07
1.290967521455947809e-07
1.283396474893482314e-07
1.275886830304921605e-07
1.268437280913738778e-07
1.261048468566224724e-07
1.253719095445015578e-07
1.246449350391080319e-07
1.239238243474363071e-07
1.232085668125726714e-07
1.224991367600163866e-07
1.217954652627395409e-07
1.210975131959965654e-07
1.204052155645365911e-07
1.197185650095591359e-07
1.190375395743041859e-07
1.183620752488256613e-07
1.176921364006010391e-07
1.170276598918681097e-07
1.163686654302522024e-07
1.157150761889150142e-07
1.150668569361196782e-07
1.144239994244568414e-07
1.137864144622589171e-07
1.131541206791038683e-07
1.125270295527424257e-07
1.119051328417470490e-07
1.112883693290968099e-07
1.106767696637716796e-07
1.100702204821399246e-07
1.094687133196233466e-07
1.088722135283855206e-07
1.082807120102951853e-07
1.076941103227164295e-07
1.071124376405816334e-07
1.065356088202366920e-07
1.059636272429754296e-07
1.053964068170637734e-07
1.048339544044413606e-07
1.042762003513888763e-07
1.037230755562446993e-07
1.031745844415123062e-07
1.026306578360328621e-07
1.020912271070989521e-07
1.015562720506929833e-07
1.010257600771497829e-07
1.004995991197015392e-07
9.997780423672601594e-08
9.946027199029163849e-08
9.894700521159255996e-08
9.843793613086908235e-08
9.793299747949806884e-08
9.743221443341722066e-08
9.693543925239053148e-08
9.644270835967361348e-08
9.595395469575456227e-08
9.546912294723581857e-08
9.498818046553173750e-08
9.451108324571121010e-08
9.403777620710153368e-08
9.356821555319588794e-08
9.310235750647965179e-08
9.264016064461754913e-08
9.218161467031064067e-08
9.172664624675824474e-08
9.127524755164862760e-08
9.082741035427923451e-08
9.038306199967019581e-08
8.994221563040711453e-08
8.950477790134929712e-08
8.907080394576098079e-08
8.864017982136921788e-08
8.821293904488283419e-08
8.778902064275976779e-08
8.736841584105787278e-08
8.695106414114769370e-08
8.653695674584749165e-08
8.612605396482848923e-08
8.571830618758497391e-08
8.531374481421067527e-08
8.491229981855540736e-08
8.451393189231396487e-08
8.411862179867349570e-08
8.372636001765023470e-08
8.333707759917100486e-08
8.295076513695716154e-08
8.256741287210160177e-08
8.218695243187401994e-08
8.180937416840340629e-08
8.143462959634182552e-08
8.106274722604817043e-08
8.069364963644471946e-08
8.032729825664726163e-08
7.996370194822449388e-08
7.960280304277705799e-08
7.924454438947055947e-08
7.888897191813666468e-08
7.853600955259422519e-08
7.818561902440297001e-08
7.783778984046522665e-08
7.749250202853551880e-08
7.714968986084446410e-08
7.680935182539411335e-08
7.647145881479183329e-08
7.613599073253155399e-08
7.580288252072240081e-08
7.547214114474047160e-08
7.514371964450362492e-08
7.481758022352078528e-08
7.449371167176080262e-08
7.417207616827833672e-08
7.385266225220073586e-08
7.353540802706591946e-08
7.322031229800413410e-08
7.290737561403121948e-08
7.259654671859501778e-08
7.228782624422427776e-08
7.198119750905032493e-08
7.167666079295739578e-08
7.137416543915837040e-08
7.107372862399095873e-08
7.077529998452010212e-08
7.047889642431682573e-08
7.018446787036137445e-08
6.989201441949734127e-08
6.960153589742100250e-08
6.931298265874062755e-08
6.902636277365750232e-08
6.874164324470504881e-08
6.845879944651057584e-08
6.817784722563604213e-08
6.789873762929467464e-08
6.762148624868691113e-08
6.734604440221168964e-08
6.707241949159811448e-08
6.680057900962296782e-08
6.653051432963062631e-08
6.626219317532124847e-08
6.599561476850152520e-08
6.573077030388890627e-08
6.546762761040828269e-08
6.520617792208843269e-08
6.494640466619020972e-08
6.468827595987843017e-08
6.443178304623996318e-08
6.417692464697444084e-08
6.392366141270360671e-08
6.367199957926329262e-08
6.342190749066760840e-08
6.317337616622659619e-08
6.292637416237023107e-08
6.268090737471708976e-08
6.243692961074456917e-08
6.219444668463497061e-08
6.195346407072121727e-08
6.171392114489011801e-08
6.147579435747684304e-08
6.123913278270624672e-08
6.100384725080582939e-08
6.076995764116179827e-08
6.053745460991050786e-08
6.030630728357135710e-08
6.007650040929671148e-08
5.984802342135354689e-08
5.962085986636122634e-08
5.939502153538728494e-08
5.917047084950347506e-08
5.894722650478350551e-08
5.872526504767170235e-08
5.850458402368928792e-08
5.828515326314371019e-08
5.806699105101728431e-08
5.785007415059145549e-08
5.763437953178112484e-08
5.741993877991317052e-08
5.720668800857095812e-08
5.699465865472189075e-08
5.678382774524578734e-08
5.657417920970491153e-08
5.636572378650993946e-08
5.615842535188362403e-08
5.595230120220070450e-08
5.574731541218007648e-08
5.554349824766868472e-08
5.534077449748430714e-08
5.513920055977870274e-08
5.493874075712756294e-08
5.473938573504532334e-08
5.454111321606785254e-08
5.434393974401378648e-08
5.414783016585754947e-08
5.395280084236140427e-08
5.375882317831082312e-08
5.356589424336397817e-08
5.337400469272222529e-08
5.318313257872156597e-08
5.299329381263525778e-08
5.280446640455384500e-08
5.261664101519935307e-08
5.242979588004590200e-08
5.224393417677870097e-08
5.205906507819836694e-08
5.187514831503657414e-08
5.169218693710002218e-08
5.151015940304809822e-08
5.132908084459991949e-08
5.114891755558548048e-08
5.096968449940935944e-08
5.079135416249702572e-08
5.061391128321290446e-08
5.043738253191337061e-08
5.026171067556429966e-08
5.008692296314702158e-08
4.991299570650969829e-08
4.973992974987951352e-08
4.956771998083807752e-08
4.939635543241845745e-08
4.922583688974870715e-08
4.905614761220951017e-08
4.888730579188449245e-08
4.871928309877082643e-08
4.855209181150488100e-08
4.838572102801509297e-08
4.822016564251279953e-08
4.805541485286802699e-08
4.789145793522694938e-08
4.772832385334195572e-08
4.756595651907641771e-08
4.740439045994729856e-08
4.724360925757389208e-08
4.708360222913843849e-08
4.692435876785734865e-08
4.676590715705964510e-08
4.660820339005303221e-08
4.645124804473976062e-08
4.629505809270249249e-08
4.613961191425072907e-08
4.598490992190199618e-08
4.583094702113120380e-08
4.567771270170277432e-08
4.552519652621298680e-08
4.537341503212159568e-08
4.522234693206081177e-08
4.507199253345043698e-08
4.492233609137377654e-08
4.477338855098510982e-08
4.462513418608396733e-08
4.447757323547384496e-08
4.433069009655732444e-08
4.418450598673833233e-08
4.403898954974614881e-08
4.389413580296860178e-08
4.374995533006401037e-08
4.360643265167664873e-08
4.346355757965524390e-08
4.332135596066334219e-08
4.317977641775238953e-08
4.303884985297367963e-08
4.289856090854997689e-08
4.275889943205020831e-08
4.261986039276238369e-08
4.248143372127019768e-08
4.234363492255301614e-08
4.220644577934401702e-08
4.206986363609697911e-08
4.193389081164954365e-08
4.179851468621019617e-08
4.166374747960430587e-08
4.152958644166720751e-08
4.139600426976788727e-08
4.126302782124930634e-08
4.113063966288563557e-08
4.099883714099686588e-08
4.086761275379149537e-08
4.073698322534438122e-08
4.060693131152328158e-08
4.047746396379208254e-08
4.034854492990898652e-08
4.022021950241104718e-08
4.009246101870333185e-08
3.996526682690269934e-08
3.983863427524596949e-08
3.971257484718218008e-08
3.958705757648789489e-08
3.946210335573518592e-08
3.933770011063567983e-08
3.921384984314767773e-08
3.909054985887569302e-08
3.896778359300470472e-08
3.884556691895768111e-08
3.872389710010202957e-08
3.860274849829287048e-08
3.848214598986134018e-08
3.836207314119630581e-08
3.824252730320489830e-08
3.812350582690668556e-08
3.800501057322580660e-08
3.788703885155086805e-08
3.776958348979959710e-08
3.765264183980501770e-08
3.753621125351012249e-08
3.742029352360698641e-08
3.730488596130799712e-08
3.718997263809727751e-08
3.707556858736820963e-08
3.696167108077556462e-08
3.684826427184753322e-08
3.673534555406169291e-08
3.662292535962838727e-08
3.651099229620859883e-08
3.639954371752719303e-08
3.628858989773621333e-08
3.617810237650504741e-08
3.606810035689581152e-08
3.595857297335616584e-08
3.584951797396907473e-08
3.574093310690461462e-08
3.563281189122599278e-08
3.552516897931767202e-08
3.541798939398564240e-08
3.531127926637620895e-08
3.520501955567415993e-08
3.509922058450793582e-08
3.499387175739434636e-08
3.488898328446244310e-08
3.478454458318304150e-08
3.468054517018938872e-08
3.457700749435398271e-08
3.447390869846411473e-08
3.437124656919861275e-08
3.426903109647149467e-08
3.416725184654614957e-08
3.406590656989972679e-08
3.396499301709008200e-08
3.386451295870487348e-08
3.376445609372415283e-08
3.366483219742204213e-08
3.356563098108140904e-08
3.346685019596187604e-08
3.336848759340166099e-08
3.327054882411680384e-08
3.317301187981095396e-08
3.307589032224906831e-08
3.297918578376145531e-08
3.288288814015690205e-08
3.278699514353217088e-08
3.269150454606056812e-08
3.259642183970152113e-08
3.250173313359003261e-08
3.240743621389606224e-08
3.231354037568910202e-08
3.222003565451041961e-08
3.212692743181799239e-08
3.203419818153709166e-08
3.194185330732074394e-08
3.184989434377728492e-08
3.175831147031234613e-08
3.166711375224722205e-08
3.157629138024505546e-08
3.148584210799782981e-08
3.139577114469303521e-08
3.130606874625797433e-08
3.121672168227794638e-08
3.112775065242183921e-08
3.103913569844150185e-08
3.095089014721182651e-08
3.086299784160233996e-08
3.077548664204520893e-08
3.068831848723241482e-08
3.060150659989650635e-08
3.051505316772417618e-08
3.042894949797244415e-08
3.034320499480728268e-08
3.025780379009311491e-08
3.017276600629762357e-08
3.008806865037067688e-08
3.000371747301297061e-08
2.991971103904174347e-08
2.983605145633345127e-08
2.975273726018957302e-08
2.966976346287562063e-08
2.958712160255491397e-08
2.950483132570454091e-08
2.942286312827737358e-08
2.934124356717486872e-08
2.925995024332026854e-08
2.917899217550779112e-08
2.909836098928279602e-08
2.901806561721961063e-08
2.893809769473036037e-08
2.885845578765596629e-08
2.877913846187801361e-08
2.870014428331877161e-08
2.862147861625166616e-08
2.854312641149707282e-08
2.846509643267820825e-08
2.838738047541248167e-08
2.830998722021199542e-08
2.823290847220486302e-08
2.815614279781992247e-08
2.807968876352536240e-08
2.800354493582864929e-08
2.792770988127661679e-08
2.785218878249856635e-08
2.777696365710060805e-08
2.770205289325089523e-08
2.762743857101362332e-08
2.755313240053498516e-08
2.747912636834116555e-08
2.740541904146590645e-08
2.733200898698091406e-08
2.725890124745561417e-08
2.718608145650574875e-08
2.711355484731665753e-08
2.704132340691511835e-08
2.696937947798506945e-08
2.689773144604930761e-08
2.682637166258572010e-08
2.675529254688650555e-08
2.668451194274601265e-08
2.661400955728355180e-08
2.654379052212059666e-08
2.647385990220974951e-08
2.640420387777412996e-08
2.633482440216924560e-08
2.626573275577136661e-08
2.619691830507334853e-08
2.612837361842555808e-08
2.606010990299918821e-08
2.599212588620263814e-08
2.592440181828699806e-08
2.585695500098728646e-08
2.578978416238268317e-08
2.572287580811637051e-08
2.565623485749209691e-08
2.558986312658658467e-08
2.552375330382667638e-08
2.545791326183545740e-08
2.539233569712145727e-08
2.532701938611898815e-08
2.526196310529131024e-08
2.519716563113065160e-08
2.513262574015820815e-08
2.506834220892411060e-08
2.500431381400747405e-08
2.494053933201636162e-08
2.487702345050720404e-08
2.481375605726934151e-08
2.475073595158420518e-08
2.468797073173683035e-08
2.462545327873499737e-08
2.456317653301785184e-08
2.450115095930968268e-08
2.443937529050819200e-08
2.437783667473295842e-08
2.431653971086448379e-08
2.425548317599839465e-08
2.419466584725815050e-08
2.413409223658294191e-08
2.407374677702893604e-08
2.401364542879134334e-08
2.395377836708961956e-08
2.389413873016735796e-08
2.383473685892053841e-08
2.377556607106446078e-08
2.371662537637269712e-08
2.365791378464044201e-08
2.359943030568440662e-08
2.354117394934291472e-08
2.348314930592293961e-08
2.342534421070551064e-08
2.336776326780002285e-08
2.331040825687469498e-08
2.325327264161389561e-08
2.319636372097408742e-08
2.313967496561319506e-08
2.308320538569752602e-08
2.302695399141400774e-08
2.297091979297022403e-08
2.291509635484667007e-08
2.285949359197309055e-08
2.280411047506233499e-08
2.274893516246569365e-08
2.269397209705604497e-08
2.263922028916471567e-08
2.258468411653508265e-08
2.253035451912600007e-08
2.247623052673136844e-08
2.242231383346039676e-08
2.236860876589621456e-08
2.231510899296786297e-08
2.226181352529600654e-08
2.220872137352101329e-08
2.215583154830292821e-08
2.210314306032149639e-08
2.205065492027613992e-08
2.199836613888597442e-08
2.194627572688983216e-08
2.189438789872386573e-08
2.184269124555002717e-08
2.179119517335322929e-08
2.173988573886122947e-08
2.168877231742249999e-08
2.163785647312647736e-08
2.158713204995222527e-08
2.153659805893116632e-08
2.148625351111347365e-08
2.143609232259093001e-08
2.138612370625802346e-08
2.133634156634734095e-08
2.128674491398430257e-08
2.123733780814462743e-08
2.118810918270205787e-08
2.113906325864367944e-08
2.109019922747105483e-08
2.104151628070103631e-08
2.099301360986582533e-08
2.094469289572052782e-08
2.089655331269793046e-08
2.084858660194675718e-08
2.080080187775675946e-08
2.075319336486685614e-08
2.070575533329093593e-08
2.065850173999643739e-08
2.061141211220312004e-08
2.056450037327437880e-08
2.051776080449363089e-08
2.047119746377182205e-08
2.042479494467710855e-08
2.037856703732822680e-08
2.033250806750111716e-08
2.028662204937773625e-08
2.024090333085607984e-08
2.019534630331627566e-08
2.014995498098353527e-08
2.010473094537039895e-08
2.005967337239358564e-08
2.001477430138898852e-08
1.997004245068195147e-08
1.992546750730415689e-08
1.988105814715648292e-08
1.983680881518295588e-08
1.979271870353598068e-08
1.974878700438172985e-08
1.970501290990020636e-08
1.966139561228515762e-08
1.961793430374417475e-08
1.957462817649859990e-08
1.953147642278359245e-08
1.948847823484808269e-08
1.944563280495481481e-08
1.940294393802321512e-08
1.936040619351297147e-08
1.931801417134433200e-08
1.927576938524367290e-08
1.923368018748472690e-08
1.919173888178189482e-08
1.914994010798808501e-08
1.910829217368424336e-08
1.906678970883200798e-08
1.902542738286871948e-08
1.898421795750712293e-08
1.894314258216290102e-08
1.890221863117860746e-08
1.886142748007706534e-08
1.882078198064273975e-08
1.878027700935975613e-08
1.873991639186379611e-08
1.869969057831381845e-08
1.865960340394418804e-08
1.861965423910711703e-08
1.857984687149345435e-08
1.854017182740384627e-08
1.850063730252765870e-08
1.846123386084498462e-08
1.842196309074105070e-08
1.838283311770970660e-08
1.834383672849827254e-08
1.830497329363457111e-08
1.826623784075070144e-08
1.822763843536487960e-08
1.818916577132161329e-08
1.815082787751551830e-08
1.811261979077796786e-08
1.807454088169441590e-08
1.803659052085984877e-08
1.799876807887883486e-08
1.796107292636546839e-08
1.792350443394343227e-08
1.788606197224593190e-08
1.784874915573820666e-08
1.781155685860072570e-08
1.777448870417422417e-08
1.773754828055982593e-08
1.770072651483967113e-08
1.766403120388278107e-08
1.762745330974629546e-08
1.759099850315373495e-08
1.755466196786483605e-08
1.751844517025763059e-08
1.748235163793025471e-08
1.744637241937023310e-08
1.741051519057189515e-08
1.737477516552479907e-08
1.733915171508779191e-08
1.730364421012868734e-08
1.726824791548253552e-08
1.723297042249214930e-08
1.719781107693122697e-08
1.716275698173919540e-08
1.712781977579316326e-08
1.709299474069337479e-08
1.705828532958141096e-08
1.702368292281844947e-08
1.698919111184207034e-08
1.695480942365407077e-08
1.692053738526297458e-08
1.688637853908053154e-08
1.685232437325233251e-08
1.681837843831268024e-08
1.678454425252008735e-08
1.675081335246357363e-08
1.671719125206470467e-08
1.668367349916574784e-08
1.665026557178494424e-08
1.661696302183116641e-08
1.658376143289389074e-08
1.655066822710751655e-08
1.651767898019307056e-08
1.648478929925413361e-08
1.645200655938010766e-08
1.641932635988012676e-08
1.638674822794235190e-08
1.635427169076123726e-08
1.632189627553750042e-08
1.628961763574584534e-08
1.625744691979647993e-08
1.622537203371207095e-08
1.619339252756270277e-08
1.616151948124473849e-08
1.612974086933237603e-08
1.609806006995840547e-08
1.606648043113046988e-08
1.603499383111741199e-08
1.600360362543743332e-08
1.597231313976010496e-08
1.594111050616188420e-08
1.591001043073336117e-08
1.587900484403078528e-08
1.584808950450862844e-08
1.581726960387153799e-08
1.578654090418909267e-08
1.575590856424982592e-08
1.572536834984916955e-08
1.569491605583800564e-08
1.566455868190216328e-08
1.563429201567464910e-08
1.560411187358354665e-08
1.557402521214886034e-08
1.554402784064537793e-08
1.551411928649958105e-08
1.548429907714378134e-08
1.545456308590759169e-08
1.542491830503935262e-08
1.539536070763943718e-08
1.536588994934481728e-08
1.533650568579669334e-08
1.530721121312472970e-08
1.527799889907397879e-08
1.524887204673914104e-08
1.521983031177834763e-08
1.519087334985396821e-08
1.516200081663262082e-08
1.513321596695433631e-08
1.510451125134013100e-08
1.507588993147412150e-08
1.504735524182086516e-08
1.501889967374942307e-08
1.499053003379630433e-08
1.496223884036559855e-08
1.493402932118201529e-08
1.490590290454634520e-08
1.487785569764524471e-08
1.484989266401938821e-08
1.482200991425103171e-08
1.479420358545086285e-08
1.476648037732061073e-08
1.473883291485706394e-08
1.471126787143517825e-08
1.468378139076521085e-08
1.465637312864540242e-08
1.462904274087796410e-08
1.460178988326899811e-08
1.457461074510812563e-08
1.454751192168562888e-08
1.452048959584532247e-08
1.449354342340909452e-08
1.446667306020274076e-08
1.443987816205599593e-08
1.441315838480249412e-08
1.438651338427982334e-08
1.435994281632946430e-08
1.433344633679683675e-08
1.430702700450415626e-08
1.428067766310133283e-08
1.425440137769335791e-08
1.422819780414124692e-08
1.420206997635621963e-08
1.417601078792587702e-08
1.415002327897500622e-08
1.412411046491134593e-08
1.409826527641530737e-08
1.407249075113999085e-08
1.404678996655513987e-08
1.402115598662556521e-08
1.399559191101395188e-08
1.397009915359075765e-08
1.394467745769498567e-08
1.391932160037655119e-08
1.389403796187999598e-08
1.386882297774305768e-08
1.384367310749517099e-08
1.381859469540524599e-08
1.379358091400559189e-08
1.376863808374368695e-08
1.374376267011611446e-08
1.371895442559208702e-08
1.369421310264340471e-08
1.366953520217794841e-08
1.364492373992930809e-08
1.362038494811413407e-08
1.359590884205026625e-08
1.357149841994393796e-08
1.354715343428253497e-08
1.352287042082531725e-08
1.349865878225688924e-08
1.347450862088032044e-08
1.345042290592401325e-08
1.342640138988826575e-08
1.340244382527596345e-08
1.337854996459256602e-08
1.335471956034614043e-08
1.333095236504731623e-08
1.330725129672300027e-08
1.328360977124609487e-08
1.326003071227905032e-08
1.323651702105424921e-08
1.321305900396081991e-08
1.318966899724287436e-08
1.316634045605001429e-08
1.314306687992870607e-08
1.311986053853892663e-08
1.309671180487437570e-08
1.307362666800665263e-08
1.305059865497037525e-08
1.302763218335870547e-08
1.300472390390456313e-08
1.298187820965552967e-08
1.295908867130180634e-08
1.293636121246071839e-08
1.291369249750688453e-08
1.289108227904141465e-08
1.286853032092680935e-08
1.284603337611047672e-08
1.282359738199101108e-08
1.280121605212754013e-08
1.277889530260192427e-08
1.275663190295764530e-08
1.273442567336326403e-08
1.271227340981128792e-08
1.269018098607772933e-08
1.266814519289658448e-08
1.264616284197064317e-08
1.262423977563059882e-08
1.260237280036108651e-08
1.258056173634270915e-08
1.255880640375778027e-08
1.253710662279032731e-08
1.251546519104802572e-08
1.249387596874539853e-08
1.247234175863561144e-08
1.245086238090947144e-08
1.242943765575948130e-08
1.240806740337987584e-08
1.238675144396657574e-08
1.236549253950906604e-08
1.234428462158454780e-08
1.232313045723713549e-08
1.230202986666953594e-08
1.228098267008618149e-08
1.225999160442001734e-08
1.223904773969841915e-08
1.221816545988993312e-08
1.219733003142192723e-08
1.217654709801081923e-08
1.215581647987118931e-08
1.213513799721932330e-08
1.211451435243674123e-08
1.209393959652801152e-08
1.207341930917799867e-08
1.205294756094697055e-08
1.203252848067734332e-08
1.201215902349140135e-08
1.199184329640314287e-08
1.197157540879141774e-08
1.195136088213230801e-08
1.193119668367705565e-08
1.191107979986749117e-08
1.189101289433961585e-08
1.187099861163731000e-08
1.185103393820710747e-08
1.183111869432591156e-08
1.181124989753353859e-08
1.179143302988977295e-08
1.177166514106948457e-08
1.175194609557829542e-08
1.173227296657929906e-08
1.171265120593027458e-08
1.169307788212268067e-08
1.167355563705765484e-08
1.165407600307411491e-08
1.163464717685720170e-08
1.161526624552983635e-08
1.159593031465989306e-08
1.157664752560459682e-08
1.155740671624690038e-08
1.153821875943168530e-08
1.151907252961483814e-08
1.149997886316290965e-08
1.148092940254507530e-08
1.146192402586395344e-08
1.144296805635733551e-08
1.142406134503762683e-08
1.140519831573496932e-08
1.138638155557736475e-08
1.136761363378692718e-08
1.134888630081372543e-08
1.133020753526880700e-08
1.131157718836900831e-08
1.129298973747528593e-08
1.127445042548277467e-08
1.125595106926193797e-08
1.123750225479030758e-08
1.121909848152789825e-08
1.120073694900743806e-08
1.118242019554461042e-08
1.116415074202497882e-08
1.114592313597163439e-08
1.112773990261430624e-08
1.110960354987966184e-08
1.109150601216846276e-08
1.107345771896583989e-08
1.105545324808791092e-08
1.103748983787019667e-08
1.101957260964288098e-08
1.100169487086647734e-08
1.098386434569828517e-08
1.096607435646872785e-08
1.094832999052894822e-08
1.093062849896447850e-08
1.091296714971016432e-08
1.089535100484798514e-08
1.087777474416486615e-08
1.086024343468140913e-08
1.084275437454305278e-08
1.082530487854215958e-08
1.080789999306947993e-08
1.079053446121527057e-08
1.077321331282600127e-08
1.075593386683391468e-08
1.073869345861874731e-08
1.072149709335959437e-08
1.070434210234106270e-08
1.068722837618259822e-08
1.067015326655627040e-08
1.065312428092780357e-08
1.063613369307451273e-08
1.061918140573342929e-08
1.060227489003000484e-08
1.058540645608681170e-08
1.056857600655630538e-08
1.055178846566793770e-08
1.053504120524246849e-08
1.051833411590767174e-08
1.050166708829216346e-08
1.048503751807237731e-08
1.046845278073761572e-08
1.045190528205995250e-08
1.043539740762434019e-08
1.041892904806354395e-08
1.040250009401115781e-08
1.038610796466102858e-08
1.036975996497017572e-08
1.035344857125293347e-08
1.033717614558680706e-08
1.032094503456173771e-08
1.030474776095975612e-08
1.028859158327683251e-08
1.027247638063366427e-08
1.025639715098449650e-08
1.024035623323454249e-08
1.022435351802651014e-08
1.020838889600394609e-08
1.019246468322683399e-08
1.017657591573286230e-08
1.016072491336895339e-08
1.014491398089552912e-08
1.012913817698363688e-08
1.011339981015372906e-08
1.009769877105511611e-08
1.008203734950690445e-08
1.006641302956300652e-08
1.005082331267715506e-08
1.003527050129696665e-08
1.001975688559248241e-08
1.000427759895911456e-08
9.988837312272152876e-09
9.973431173644478370e-09
9.958063839271406479e-09
9.942729288885187175e-09
9.927434531945513116e-09
9.912173560941246590e-09
9.896951002915442881e-09
9.881762049717676471e-09
9.866611313917980629e-09
9.851496346178574693e-09
9.836414711551402927e-09
9.821371001024831985e-09
9.806360442424701639e-09
9.791387612436358688e-09
9.776450079690377227e-09
9.761547750028445676e-09
9.746678209836760229e-09
9.731843691466034397e-09
9.717048725560512130e-09
9.702283961269955486e-09
9.687556241677585763e-09
9.672860858306333776e-09
9.658202324306437098e-09
9.643578240122119077e-09
9.628988511600778987e-09
9.614433044590434835e-09
9.599911744939744865e-09
9.585422237373150057e-09
9.570968993425970685e-09
9.556549634380087456e-09
9.542164066086683169e-09
9.527812194397549428e-09
9.513491661138836569e-09
9.499209164242452920e-09
9.484955560240453093e-09
9.470739790741740307e-09
9.456552739382012317e-09
9.442401073605548349e-09
9.428282445405658543e-09
9.414199001061330329e-09
9.400143925163561501e-09
9.386123844836903469e-09
9.372136425517913042e-09
9.358181573065924058e-09
9.344259193340915555e-09
9.330371412698245564e-09
9.316511477095527430e-09
9.302688175696524225e-09
9.288894772246384021e-09
9.275133399292958945e-09
9.261403972184133591e-09
9.247706406268355034e-09
9.234040616894627872e-09
9.220406519412525799e-09
9.206806220292552368e-09
9.193235249418567845e-09
9.179695716495770530e-09
9.166187536875965852e-09
9.152712804172231582e-09
9.139264898955361923e-09
9.125852443236417341e-09
9.112468827176297411e-09
9.099116141193988145e-09
9.085796462997381329e-09
9.072505380077143927e-09
9.059244973309173521e-09
9.046015158050303142e-09
9.032817999415994380e-09
9.019649110117520380e-09
9.006512701913421977e-09
8.993404400038222094e-09
8.980328403758140072e-09
8.967280350773358641e-09
8.954262296832640609e-09
8.941274157297256006e-09
8.928317972443531122e-09
8.915391526572526832e-09
8.902492616293682045e-09
8.889623281884962520e-09
8.876785551373393757e-09
8.863975111752278898e-09
8.851195047391713695e-09
8.838443165562456212e-09
8.825722536962893205e-09
8.813030970401355989e-09
8.800366286770922321e-09
8.787730501962809394e-09
8.775125619839645250e-09
8.762549461295998226e-09
8.749999859201273960e-09
8.737480896963805624e-09
8.724988327896386523e-09
8.712526223502053601e-09
8.700092419628762496e-09
8.687686831669010961e-09
8.675307310253458180e-09
8.662957904608659311e-09
8.650634410388126314e-09
8.638340871935481162e-09
8.626075151052976683e-09
8.613837171369329790e-09
8.601624809269648366e-09
8.589442085768258623e-09
8.577284832890662667e-09
8.565159098639179061e-09
8.553056646576272561e-09
8.540983516054381125e-09
8.528937592131616247e-09
8.516918798440212011e-09
8.504925034359904712e-09
8.492960274874513897e-09
8.481022416513409076e-09
8.469111382910591192e-09
8.457225084788618222e-09
8.445367474425469905e-09
8.433536459718889043e-09
8.421731964304628548e-09
8.409953911818884702e-09
8.398202225898282264e-09
8.386476830179882747e-09
8.374777648301189377e-09
8.363104603900137167e-09
8.351457620615092922e-09
8.339836622084865159e-09
8.328241531948692528e-09
8.316670294353559340e-09
8.305126794669674246e-09
8.293608974294076154e-09
8.282116756867767263e-09
8.270652034582621455e-09
8.259210791259249371e-09
8.247794921816818782e-09
8.236404349898054077e-09
8.225038999146121362e-09
8.213698793204613566e-09
8.202383655717566988e-09
8.191093510329443097e-09
8.179828280685148387e-09
8.168587890430027755e-09
8.157372263209847963e-09
8.146181322670822449e-09
8.135014992459596439e-09
8.123875129873825065e-09
8.112757788616481170e-09
8.101664828635286540e-09
8.090596173578606936e-09
8.079551748483925610e-09
8.068531483943832581e-09
8.057537229816732487e-09
8.046565079722290509e-09
8.035616886134266130e-09
8.024692581035460391e-09
8.013794003884382591e-09
8.002917269127788860e-09
7.992064218816787604e-09
7.981234784935721727e-09
7.970430796633534963e-09
7.959648389003135253e-09
7.948889393763585979e-09
7.938153742900757020e-09
7.927443255343345508e-09
7.916754086651540006e-09
7.906088058301916060e-09
7.895446981615946394e-09
7.884827027388153807e-09
7.874230009471392147e-09
7.863657731629150141e-09
7.853106379791674965e-09
7.842579627000096154e-09
7.832073669220830021e-09
7.821590307710022036e-09
7.811131333742662663e-09
7.800692958258561707e-09
7.790278829346660974e-09
7.779885167875493608e-09
7.769515612027997420e-09
7.759166392558911808e-09
7.748841137787547051e-09
7.738536088312589799e-09
7.728254862631864339e-09
7.717992792577582016e-09
7.707755325222113323e-09
7.697537800937957049e-09
7.687343818705316453e-09
7.677169648403751690e-09
7.667018879316811509e-09
7.656887791001558034e-09
7.646779963085983146e-09
7.636691684763674067e-09
7.626626526047907024e-09
7.616580785728085470e-09
7.606558024243346497e-09
7.596556358197398078e-09
7.586573913718757575e-09
7.576614236960873316e-09
7.566675451679326332e-09
7.556755692616881305e-09
7.546858499342506464e-09
7.536980217760522549e-09
7.527124379547684848e-09
7.517289129413088320e-09
7.507472621432099879e-09
7.497678373233393677e-09
7.487904536558752588e-09
7.478149272457728264e-09
7.468416084598662696e-09
7.458703131712085181e-09
7.449010354949645519e-09
7.439335924592316198e-09
7.429683325829841400e-09
7.420050726643383357e-09
7.410438068185727586e-09
7.400845291609935883e-09
7.391270578629059344e-09
7.381717391549293341e-09
7.372183909807582402e-09
7.362670074558126522e-09
7.353175826955399494e-09
7.343699360027038287e-09
7.334244113431016559e-09
7.324808277942225116e-09
7.315391794716270989e-09
7.305994604909049896e-09
7.296616649676725558e-09
7.287256135471831440e-09
7.277916475080153949e-09
7.268595872729037080e-09
7.259294269575786067e-09
7.250011606777984075e-09
7.240747825493497993e-09
7.231502866880465195e-09
7.222276672097315054e-09
7.213069182302747429e-09
7.203880338655745901e-09
7.194710082315576122e-09
7.185558354441778366e-09
7.176425096194175803e-09
7.167308542555211211e-09
7.158212049203979352e-09
7.149133848955736268e-09
7.140073882971443331e-09
7.131032092412332398e-09
7.122008418439920707e-09
7.113002802216003427e-09
7.104015184902656968e-09
7.095047196653760107e-09
7.086095400134570236e-09
7.077161435706041536e-09
7.068245254219260953e-09
7.059346806525550348e-09
7.050466043476461540e-09
7.041602915923791194e-09
7.032757374719553524e-09
7.023929370716005932e-09
7.015118854765642397e-09
7.006325777721185198e-09
6.997550090435586572e-09
6.988791743762039463e-09
6.980052350196040593e-09
6.971328535232326853e-09
6.962621913445731809e-09
6.953932435690363270e-09
6.945260052820572232e-09
6.936604715690940478e-09
6.927968024410756448e-09
6.919346629275693955e-09
6.910742132449950816e-09
6.902154484789036907e-09
6.893583637148687101e-09
6.885031179427276314e-09
6.876493782365751014e-09
6.867973037897368622e-09
6.859468896878784663e-09
6.850981310166900333e-09
6.842511857548451932e-09
6.834057230010806846e-09
6.825619009355848178e-09
6.817198769350372148e-09
6.808793213035365776e-09
6.800403916181064169e-09
6.792030829645976563e-09
6.783675519224552283e-09
6.775334703920640331e-09
6.767009951516683803e-09
6.758702821868135701e-09
6.750410045870329819e-09
6.742133185355260615e-09
6.733873794273535742e-09
6.725628615343558507e-09
6.717399204481124967e-09
6.709187109765859723e-09
6.700989085671416708e-09
6.692806682231363405e-09
6.684641441687863685e-09
6.676490130202664140e-09
6.668355879467773969e-09
6.660235464915798091e-09
6.652130434430213423e-09
6.644042329692577065e-09
6.635967945291995206e-09
6.627910402721400476e-09
6.619866504251703730e-09
6.611837789644845526e-09
6.603825791017707600e-09
6.595827322109595954e-09
6.587845485301118353e-09
6.579877101941173420e-09
6.571925266815785491e-09
6.563986808854838599e-09
6.556064815278308067e-09
6.548156122568594266e-09
6.540263031888133188e-09
6.532383945220260241e-09
6.524521155279277683e-09
6.516671513567842466e-09
6.508838084777515385e-09
6.501017727879002177e-09
6.493213500110447674e-09
6.485422267882747787e-09
6.477647081008411419e-09
6.469886353610697506e-09
6.462138507204489726e-09
6.454406580515592752e-09
6.446687458434512770e-09
6.438984172330187012e-09
6.431293614437033802e-09
6.423618808794381844e-09
6.415958182425716658e-09
6.408310169650813462e-09
6.400677783565317912e-09
6.393057934644868461e-09
6.385453628722944750e-09
6.377863301935564950e-09
6.370285397648052666e-09
6.362722910850668058e-09
6.355174283106739137e-09
6.347639474390645460e-09
6.340116935244593499e-09
6.332609646293808172e-09
6.325116056291668247e-09
6.317634621128690152e-09
6.310168310725121058e-09
6.302715579192426963e-09
6.295274887740300955e-09
6.287849195642382453e-09
6.280436962339002053e-09
6.273036655650825055e-09
6.265651230866251319e-09
6.258279160649648632e-09
6.250920412901540442e-09
6.243573469055150183e-09
6.236241271690341965e-09
6.228922300493203071e-09
6.221615042120596716e-09
6.214323908206154562e-09
6.207042945141014742e-09
6.199776559354598787e-09
6.192523239239093091e-09
6.185281480094919330e-09
6.178054196745556187e-09
6.170839882769313057e-09
6.163638506068202314e-09
6.156448568801799324e-09
6.149272972064484817e-09
6.142110216306034462e-09
6.134960269428961077e-09
6.127823099335899902e-09
6.120698673929608600e-09
6.113586961112963120e-09
6.106487928788970934e-09
6.099400092689019453e-09
6.092327777231551216e-09
6.085265144995558661e-09
6.078216515351417769e-09
6.071180405713789621e-09
6.064156783986417880e-09
6.057145618073163667e-09
6.050146875878015489e-09
6.043160525305080141e-09
6.036186534258590975e-09
6.029224870642896323e-09
6.022275502362473556e-09
6.015338397321920813e-09
6.008413523425955348e-09
6.001499419696914724e-09
5.994598913446334971e-09
5.987710542052346895e-09
5.980834273420165714e-09
5.973970075455129892e-09
5.967117916062697011e-09
5.960277763148451210e-09
5.953449584618090777e-09
5.946633348377447180e-09
5.939829022332467688e-09
5.933036574389220342e-09
5.926255972453898913e-09
5.919487185487072864e-09
5.912730186666442207e-09
5.905984950224072718e-09
5.899251450392115374e-09
5.892529661402827031e-09
5.885819557488559671e-09
5.879121112881764536e-09
5.872434301814991306e-09
5.865760495111906836e-09
5.859096872237988926e-09
5.852443412181759794e-09
5.845802877602522278e-09
5.839175237994097752e-09
5.832557685482199039e-09
5.825951586143633503e-09
5.819355528659793074e-09
5.812773643919903519e-09
5.806201749501689657e-09
5.799641205190704354e-09
5.793093364524340435e-09
5.786555441573737457e-09
5.780028791434495514e-09
5.773513388340621776e-09
5.767007833427809134e-09
5.760516220225498112e-09
5.754034403672753872e-09
5.747563731102385900e-09
5.741104176748894365e-09
5.734657080248565236e-09
5.728218319631012779e-09
5.721793327677584235e-09
5.715377987012347814e-09
5.708973635740557582e-09
5.702581605868070201e-09
5.696199154570152178e-09
5.689827615373808100e-09
5.683466962514404196e-09
5.677117170227404299e-09
5.670779562953274503e-09
5.664451413012436376e-09
5.658134046353551938e-09
5.651827437212474628e-09
5.645531559825152180e-09
5.639247731130921294e-09
5.632973238466673287e-09
5.626709400267153402e-09
5.620456190768694014e-09
5.614214920955483139e-09
5.607982890085967388e-09
5.601761410629616148e-09
5.595551789849301433e-09
5.589351339484712915e-09
5.583161371869490310e-09
5.576981865552243813e-09
5.570812799081663030e-09
5.564655475963608647e-09
5.558507223370109273e-09
5.552370668306563811e-09
5.546243143795755225e-09
5.540125951881211297e-09
5.534020388780558103e-09
5.527923796255772381e-09
5.521837471977456039e-09
5.515761394495015021e-09
5.509696854239568995e-09
5.503641204556812885e-09
5.497597046323871642e-09
5.491560431082099128e-09
5.485536570523311972e-09
5.479521520496391359e-09
5.473517870392396863e-09
5.467522990787040885e-09
5.461538164933106044e-09
5.455564670383538057e-09
5.449601183847866121e-09
5.443646387716514733e-09
5.437702854295473677e-09
5.431767971217746765e-09
5.425843013201018074e-09
5.419927958795973198e-09
5.414024075672723183e-09
5.408130050457791150e-09
5.402243289075730846e-09
5.396368918146982867e-09
5.390504340795934118e-09
5.384648253450488254e-09
5.378801919580773231e-09
5.372965317738119018e-09
5.367140982403219372e-09
5.361323777501142931e-09
5.355517515484302589e-09
5.349719623126774533e-09
5.343931355561013030e-09
5.338153962406841305e-09
5.332384878707616288e-09
5.326626623783437348e-09
5.320877905125122656e-09
5.315135537312135635e-09
5.309405830270849130e-09
5.303685595166713120e-09
5.297973549572186687e-09
5.292272199028168912e-09
5.286579003559507327e-09
5.280895206357202251e-09
5.275222045199107976e-09
5.269558242977469874e-09
5.263903781381836103e-09
5.258257390043193874e-09
5.252620305391946730e-09
5.246993758489844575e-09
5.241375230926023317e-09
5.235768448516358438e-09
5.230168403449359957e-09
5.224577573492408137e-09
5.218997183046261061e-09
5.213425968425654328e-09
5.207862671252541645e-09
5.202309754674674252e-09
5.196764721562979364e-09
5.191228793669341204e-09
5.185703187473323812e-09
5.180186647237678986e-09
5.174679154652820945e-09
5.169179460545084524e-09
5.163690009639493415e-09
5.158209551454098707e-09
5.152738067679533821e-09
5.147274314354510478e-09
5.141819501417157444e-09
5.136374833610536177e-09
5.130939066973533763e-09
5.125512183197045837e-09
5.120092944787468799e-09
5.114683773092060278e-09
5.109282212715715099e-09
5.103889464527801296e-09
5.098507938310296997e-09
5.093132756996437361e-09
5.087766332930050837e-09
5.082411068233149283e-09
5.077063310117887198e-09
5.071723044093315085e-09
5.066392668470233289e-09
5.061070955994256199e-09
5.055756684480558225e-09
5.050452244635861073e-09
5.045156413011159023e-09
5.039869171298204667e-09
5.034589302349051354e-09
5.029319186789138878e-09
5.024056410210335954e-09
5.018803349869248710e-09
5.013558791848998055e-09
5.008321527228752547e-09
5.003093926100738286e-09
4.997874778298253344e-09
4.992664067490299837e-09
4.987461777345916279e-09
4.982266705144213259e-09
4.977081208568239442e-09
4.971904083661263666e-09
4.966735314092523797e-09
4.961574883531299057e-09
4.956422775646919954e-09
4.951276616076434331e-09
4.946142284792129706e-09
4.941013871600761735e-09
4.935894893554211530e-09
4.930785330667711946e-09
4.925681644191535259e-09
4.920587340214687287e-09
4.915501228267100594e-09
4.910422122723822233e-09
4.905352347050469716e-09
4.900290714413848053e-09
4.895237208483857680e-09
4.890191812930440393e-09
4.885154511423595888e-09
4.880124125548109694e-09
4.875102964339410381e-09
4.870089848185625272e-09
4.865084760756937700e-09
4.860087685723580627e-09
4.855098606755828374e-09
4.850116352579168457e-09
4.845143217937058239e-09
4.840179182949674155e-09
4.835220773547783122e-09
4.830271431141597826e-09
4.825329986821779023e-09
4.820396424258932734e-09
4.815469580423210323e-09
4.810551733556580247e-09
4.805641719457162488e-09
4.800739521795750836e-09
4.795846266273819211e-09
4.790958510470376615e-09
4.786078524441426878e-09
4.781208568947768269e-09
4.776345208539990564e-09
4.771489566855843870e-09
4.766640493784464113e-09
4.761801379800040442e-09
4.756967672109561328e-09
4.752142757731905483e-09
4.747325487968042358e-09
4.742515848048466900e-09
4.737714951401529434e-09
4.732919398664387079e-09
4.728133685578907381e-09
4.723353291424492494e-09
4.718582702830338350e-09
4.713817408174282112e-09
4.709060763622211852e-09
4.704311630759932363e-09
4.699569994818319099e-09
4.694835841028292177e-09
4.690109154620811421e-09
4.685389920826885458e-09
4.680677010252174416e-09
4.675973752003911095e-09
4.671276787437082608e-09
4.666587216408241299e-09
4.661905024148602589e-09
4.657230195889423260e-09
4.652562716862004762e-09
4.647902572297682458e-09
4.643249747427845480e-09
4.638604227483912734e-09
4.633965997697358553e-09
4.629335043299687045e-09
4.624711349522451948e-09
4.620094901597249189e-09
4.615486783867591604e-09
4.610883684229519600e-09
4.606289982173753864e-09
4.601702368881762191e-09
4.597120832860426663e-09
4.592548643566639400e-09
4.587982502007236973e-09
4.583422396673904501e-09
4.578871587244389836e-09
4.574325695187704460e-09
4.569789065169494340e-09
4.565258414470190903e-09
4.560733731556356139e-09
4.556218259908565433e-09
4.551709810445539302e-09
4.547206202677661072e-09
4.542710673641918874e-09
4.538222124847839221e-09
4.533741622247234119e-09
4.529266991962004218e-09
4.524799301222570994e-09
4.520337460064274397e-09
4.515884684400836279e-09
4.511437731328504905e-09
4.506997663821901338e-09
4.502565540626062068e-09
4.498139202712878295e-09
4.493719709882409885e-09
4.489307048639849517e-09
4.484901205490425441e-09
4.480501099949814461e-09
4.476109919492105127e-09
4.471725514554646167e-09
4.467346807788860136e-09
4.462974851644546149e-09
4.458608570847535264e-09
4.454251137242216761e-09
4.449899351995232748e-09
4.445554263391788518e-09
4.441216915577971879e-09
4.436884122138008183e-09
4.432560098079444894e-09
4.428241660079019690e-09
4.423930904778870472e-09
4.419625710606880584e-09
4.415327118621667172e-09
4.411035115329110303e-09
4.406749687235121477e-09
4.402470820845654379e-09
4.398198502666702401e-09
4.393932719204291193e-09
4.389674502339015710e-09
4.385420702453410413e-09
4.381176528881244024e-09
4.376936747328206396e-09
4.372702391689820083e-09
4.368476572479426754e-09
4.364256152196233178e-09
4.360042158682268896e-09
4.355835615765333696e-09
4.351634434309222507e-09
4.347439639143083570e-09
4.343251216773399964e-09
4.339069153706694478e-09
4.334894468787363528e-09
4.330725082854142448e-09
4.326562015745196653e-09
4.322405254169687500e-09
4.318255814024877727e-09
4.314112652681967826e-09
4.309973705052723685e-09
4.305843066458637881e-09
4.301717645399857933e-09
4.297598456005412362e-09
4.293485485997156587e-09
4.289378723096982426e-09
4.285279175556983780e-09
4.281184789064434669e-09
4.277096572847308560e-09
4.273014514627635408e-09
4.268940635410693086e-09
4.264870854415170652e-09
4.260807194586303720e-09
4.256750657386767133e-09
4.252698189317210390e-09
4.248653831135123934e-09
4.244615543086077850e-09
4.240581293111330282e-09
4.236554101490641792e-09
4.232533953071322525e-09
4.228518818665461035e-09
4.224510700997697423e-09
4.220508579817377773e-09
4.216511438687231854e-09
4.212519268183403533e-09
4.208535065671258995e-09
4.204556810549561699e-09
4.200582489798356644e-09
4.196616094526470125e-09
4.192654611336357898e-09
4.188700025869434889e-09
4.184750329818050117e-09
4.180806509391585213e-09
4.176869547042591633e-09
4.172938433892784032e-09
4.169012164809605654e-09
4.165091722245705559e-09
4.161177093924065788e-09
4.157269257632623220e-09
4.153367209171878345e-09
4.149468959851685753e-09
4.145579439368722698e-09
4.141692708972281308e-09
4.137813691876627862e-09
4.133939416731242157e-09
4.130071841209292059e-09
4.126209967603553161e-09
4.122352802069789114e-09
4.118501316839508194e-09
4.114656480658595383e-09
4.110816321589783465e-09
4.106981809294208779e-09
4.103153909780327803e-09
4.099331632865793051e-09
4.095513992010274549e-09
4.091701953222313970e-09
4.087895505324899641e-09
4.084095609790825955e-09
4.080300309240416999e-09
4.076511536895772162e-09
4.072728308934191404e-09
4.068948676092797083e-09
4.065176505174459277e-09
4.061409845117912085e-09
4.057647718395113813e-09
4.053892047437639080e-09
4.050140889253652583e-09
4.046396162698867685e-09
4.042654965565098345e-09
4.038921139605604067e-09
4.035191785282481756e-09
4.031469774455583085e-09
4.027750294440252302e-09
4.024039092157007835e-09
4.020330403641832255e-09
4.016629008619094293e-09
4.012932023491075677e-09
4.009241349389599974e-09
4.005554587613669197e-09
4.001875543257492905e-09
3.998199913653338631e-09
3.994529595539323634e-09
3.990865528200124092e-09
3.987205798666857648e-09
3.983552295816750639e-09
3.979903110164653069e-09
3.976260127109185778e-09
3.972622386757724116e-09
3.968987987429662290e-09
3.965361645086945607e-09
3.961738623147476892e-09
3.958120800943633812e-09
3.954509109107398698e-09
3.950901651988635027e-09
3.947300301171254143e-09
3.943704103675234189e-09
3.940113048328465362e-09
3.936525249115882879e-09
3.932944447743691211e-09
3.929368757552284789e-09
3.925797233670414716e-09
3.922231736998493987e-09
3.918671321815386987e-09
3.915115045792436724e-09
3.911564764741431316e-09
3.908018604744670235e-09
3.904477488333507272e-09
3.900942334666128123e-09
3.897412203102976953e-09
3.893887083747291855e-09
3.890366040161081655e-09
3.886850916366856939e-09
3.883339850219771039e-09
3.879834682395451769e-09
3.876334477292720257e-09
3.872838302645500526e-09
3.869347072588253988e-09
3.865861697929802106e-09
3.862381246404137558e-09
3.858905708114695307e-09
3.855434154937913264e-09
3.851968414256285176e-09
3.848507557120142850e-09
3.845050657877437298e-09
3.841599538964332307e-09
3.838153273906161831e-09
3.834710939511966681e-09
3.831274353292445486e-09
3.827841679577891311e-09
3.824414732606878941e-09
3.820991679977324595e-09
3.817574332664860919e-09
3.814160861525864605e-09
3.810753074282166508e-09
3.807350051821711138e-09
3.803951784248255231e-09
3.800558261665567101e-09
3.797167665459745609e-09
3.793784508334373127e-09
3.790404259402342170e-09
3.787028717481833900e-09
3.783659674960184117e-09
3.780293515762164656e-09
3.776932033879525722e-09
3.773576118156414380e-09
3.770224858354434572e-09
3.766878244577559753e-09
3.763536267122104380e-09
3.760198021494488069e-09
3.756865290864522422e-09
3.753536276162873560e-09
3.750212757386093867e-09
3.746893831026325973e-09
3.743579488341644748e-09
3.740268829774427753e-09
3.736964519029926171e-09
3.733662096432613577e-09
3.730366891057223484e-09
3.727074448728085530e-09
3.723787426079328452e-09
3.720504925910498010e-09
3.717226054148792167e-09
3.713952573493692498e-09
3.710683589092136106e-09
3.707419092202390594e-09
3.704158191862197136e-09
3.700902644545883639e-09
3.697650677843522850e-09
3.694404045129657365e-09
3.691161856217057711e-09
3.687923224007734003e-09
3.684689897242456106e-09
3.681461864870625393e-09
3.678237363746944679e-09
3.675015512148552887e-09
3.671800678519339059e-09
3.668589352215287540e-09
3.665381526788175559e-09
3.662178068011909188e-09
3.658979838608933078e-09
3.655785956847087815e-09
3.652596413984934241e-09
3.649411201281044363e-09
3.646230309994009627e-09
3.643052863706492586e-09
3.639880589784146795e-09
3.636711744886812085e-09
3.633548918773236430e-09
3.630388639540480131e-09
3.627234358598515415e-09
3.624082610061048416e-09
3.620935114506822059e-09
3.617792724854914397e-09
3.614654569203666619e-09
3.611521498982195219e-09
3.608390924938289091e-09
3.605265418841773195e-09
3.602143254022962648e-09
3.599026139260065331e-09
3.595913208211476566e-09
3.592804453216931885e-09
3.589699866616178816e-09
3.586598586510767846e-09
3.583502314453954044e-09
3.580411040574387316e-09
3.577322198916562646e-09
3.574238340115616175e-09
3.571157753183461257e-09
3.568082132317728358e-09
3.565011467661885501e-09
3.561944052626570437e-09
3.558879034102076379e-09
3.555820643357281869e-09
3.552764635257673080e-09
3.549713542878932421e-09
3.546667356382131557e-09
3.543623533908168680e-09
3.540584601996107181e-09
3.537549708252923617e-09
3.534518003177298025e-09
3.531491163512463208e-09
3.528468339035646749e-09
3.525449522086911744e-09
3.522434705006336178e-09
3.519423041885751487e-09
3.516417039810044786e-09
3.513413339556877856e-09
3.510415282167685553e-09
3.507419514138698066e-09
3.504428536121509934e-09
3.501441504352491952e-09
3.498457577914109307e-09
3.495479248919764757e-09
3.492503178096179493e-09
3.489531855429258489e-09
3.486564440710704000e-09
3.483600926280786330e-09
3.480641304479789845e-09
3.477685567648016284e-09
3.474733708125778136e-09
3.471785718253405265e-09
3.468841590371242420e-09
3.465901316819646346e-09
3.462964889938989505e-09
3.460031477958905441e-09
3.457103545552061124e-09
