2.000000000000000000e+00 2.621323726613037753e-08 4.251275072673237621e-08 2.035781531073689144e-07 3.800259250570354634e-08 1.838131153556014935e-06 3.524039999999999985e-03
2.200000000000000000e+01 1.800827230359220516e-12 2.933227351800559439e-12 1.397130710585779554e-11 2.619362732393120410e-12 1.264575188506109919e-10 2.676999999999999950e-07
4.200000000000000000e+01 1.377914745753285379e-13 2.298507291366189592e-13 1.063022295248085239e-12 2.042714866151604684e-13 9.698546833161590663e-12 2.042080000000000045e-08
6.200000000000000000e+01 2.929731471099210098e-14 5.089740418602956044e-14 2.239431773175282074e-13 4.496371238590444941e-14 2.056188048972661906e-12 4.379740000000000015e-09
8.200000000000000000e+01 9.797961476186532090e-15 1.802008367387873842e-14 7.396952670195773756e-14 1.583413933788500069e-14 6.813093894995355580e-13 1.466070000000000088e-09
1.020000000000000000e+02 4.186591074962087207e-15 8.302198876121500766e-15 3.112159289140756726e-14 7.270468878632428557e-15 2.865271115504881809e-13 6.303900000000000327e-10
1.220000000000000000e+02 2.102955997266174616e-15 4.580779841976216757e-15 1.535574882673416053e-14 4.011022490456974294e-15 1.409508664070278956e-13 3.184420000000000053e-10
1.420000000000000000e+02 1.178004828415619740e-15 2.878018908993118030e-15 8.431874559606939259e-15 2.530497238800072062e-15 7.710422070148411388e-14 1.799830000000000081e-10
1.620000000000000000e+02 7.170921347924178526e-16 2.005566593300873866e-15 5.025624936344604443e-15 1.780041276007543597e-15 4.582279623892077094e-14 1.104770000000000027e-10
1.820000000000000000e+02 4.656827931848190225e-16 1.519055025000811131e-15 3.195010135305354448e-15 1.369376539486562592e-15 2.908941774650721863e-14 7.221009999999999500e-11
2.020000000000000000e+02 3.161603024350841319e-16 1.230963154955453629e-15 2.123587706896624629e-15 1.136580089590168424e-15 1.932899153472515836e-14 4.957279999999999734e-11
2.220000000000000000e+02 2.233899702751763998e-16 1.053831419733576575e-15 1.471374511827852506e-15 1.006399398433619893e-15 1.339622625060651358e-14 3.538899999999999794e-11
2.420000000000000000e+02 1.625220875806892490e-16 9.400497085277601475e-16 1.052145964993867085e-15 9.404662694330245228e-16 9.581595170408863664e-15 2.607559999999999847e-11
2.620000000000000000e+02 1.212116655524393633e-16 8.584860023546777231e-16 7.739490590216105838e-16 9.123015188868734574e-16 7.046958422577707845e-15 1.971850000000000085e-11
2.820000000000000000e+02 9.220961695182550544e-17 7.863144430963110421e-16 5.831415397569569489e-16 8.986984777195102770e-16 5.305875668136926825e-15 1.523669999999999868e-11
3.020000000000000000e+02 7.126434037473519004e-17 7.069975745905705339e-16 4.484954599318010220e-16 8.723805364119084646e-16 4.075488724058962026e-15 1.198939999999999978e-11
3.220000000000000000e+02 5.584964969508149495e-17 6.132373793194743094e-16 3.515449503306451173e-16 8.060470187700185259e-16 3.188284975685659067e-15 9.581290000000000667e-12
3.420000000000000000e+02 4.427969324062616696e-17 5.102747236731281121e-16 2.801657722168153500e-16 6.938248790131650931e-16 2.533948451686965605e-15 7.759169999999999945e-12
3.620000000000000000e+02 3.552351129843891154e-17 4.112248955431730464e-16 2.269502635336482128e-16 5.595677044719679245e-16 2.045276806599449958e-15 6.356129999999999898e-12
3.820000000000000000e+02 2.876861497059723119e-17 3.256323523488698290e-16 1.863297014579813209e-16 4.333065495208913584e-16 1.671903860744006773e-15 5.258959999999999636e-12
4.020000000000000000e+02 2.351748674412211243e-17 2.576752060749734623e-16 1.549151922567773838e-16 3.322643431253216642e-16 1.383591151273787169e-15 4.389140000000000016e-12
4.220000000000000000e+02 1.939453814047555467e-17 2.062303069910059349e-16 1.302473034557099554e-16 2.579957065187219525e-16 1.158354931886190167e-15 3.691060000000000228e-12
4.420000000000000000e+02 1.615019187563527077e-17 1.684840080300952472e-16 1.107160353037423018e-16 2.059396557541646457e-16 9.815939508612784549e-16 3.124739999999999467e-12
4.620000000000000000e+02 1.356699603639424649e-17 1.408646272517202693e-16 9.500072292955449287e-17 1.697442822726430061e-16 8.408789233623389257e-16 2.660870000000000152e-12
4.820000000000000000e+02 1.149123560289501339e-17 1.205859052048039458e-16 8.219110456851377631e-17 1.446046375552346612e-16 7.273553597035233893e-16 2.277739999999999946e-12
5.020000000000000000e+02 9.811049183967716014e-18 1.055590555566284944e-16 7.164300758469608059e-17 1.271140526321433659e-16 6.345849323184820689e-16 1.958989999999999915e-12
5.220000000000000000e+02 8.437603785106259111e-18 9.421078311915630427e-17 6.285993131216237483e-17 1.148610338049683880e-16 5.576087590692420779e-16 1.692159999999999931e-12
5.420000000000000000e+02 7.307476067421579597e-18 8.538738281015129828e-17 5.549516995337914284e-17 1.061135631567526370e-16 4.930164028445907425e-16 1.467569999999999976e-12
5.620000000000000000e+02 6.369122676237134596e-18 7.819104263207183639e-17 4.927224559826823402e-17 9.950830397244178864e-17 4.382244450635717738e-16 1.277639999999999996e-12
5.820000000000000000e+02 5.580369651878275588e-18 7.194797576415163486e-17 4.396617682445328820e-17 9.394697388160050589e-17 3.912627140551208235e-16 1.116309999999999915e-12
6.020000000000000000e+02 4.910035341820358886e-18 6.617476575566129061e-17 3.941195505737084140e-17 8.850612856617388981e-17 3.507894737142643275e-16 9.787570000000000471e-13
6.220000000000000000e+02 4.338669022499377276e-18 6.060040367990288236e-17 3.550920784080998448e-17 8.251493519807340355e-17 3.161039974440488758e-16 8.610239999999998863e-13
6.420000000000000000e+02 3.845100894186180178e-18 5.510936537685894630e-17 3.214066030815828344e-17 7.567182537847169467e-17 2.861898800796220425e-16 7.599030000000000387e-13
6.620000000000000000e+02 3.418135003171155158e-18 4.975872952399971594e-17 2.923601496116881911e-17 6.811429386059298880e-17 2.603166946054266267e-16 6.727540000000000231e-13
6.820000000000000000e+02 3.046154500411266434e-18 4.466432135514628369e-17 2.671941544049053414e-17 6.028300736082245745e-17 2.376931372045313591e-16 5.974010000000000310e-13
7.020000000000000000e+02 2.720740053299643418e-18 3.995722822340955344e-17 2.453028530959939149e-17 5.270574805990271016e-17 2.177354158651203860e-16 5.320510000000000116e-13
7.220000000000000000e+02 2.436150056678005455e-18 3.575214957536916288e-17 2.262052230178120060e-17 4.583857570137252720e-17 2.000845333312331010e-16 4.752129999999999664e-13
7.420000000000000000e+02 2.187092336173723177e-18 3.209525387866151691e-17 2.094556038546544436e-17 3.990851818040115877e-17 1.844819664846012753e-16 4.256500000000000089e-13
7.620000000000000000e+02 1.969563400302982268e-18 2.898642016732530620e-17 1.946859856274881262e-17 3.497256880810472489e-17 1.707322312772192344e-16 3.823240000000000176e-13
7.820000000000000000e+02 1.777952903129441923e-18 2.635740635153104855e-17 1.815073083078496813e-17 3.091030170794301928e-17 1.585428607834703094e-16 3.443650000000000175e-13
8.020000000000000000e+02 1.610860994513599136e-18 2.416842774830671461e-17 1.697223416423789925e-17 2.764418519839603015e-17 1.477529662750168680e-16 3.110349999999999969e-13
8.220000000000000000e+02 1.464144358170794353e-18 2.233196532648089666e-17 1.590735745474219682e-17 2.500307465365778146e-17 1.380880646890249371e-16 2.817080000000000251e-13
8.420000000000000000e+02 1.335673109435193645e-18 2.078015651954646045e-17 1.494116442182916123e-17 2.285870285429354204e-17 1.293671864602487207e-16 2.558500000000000155e-13
8.620000000000000000e+02 1.222063789386617448e-18 1.943687775341638850e-17 1.405731865613263008e-17 2.107138029713132008e-17 1.213950004536482917e-16 2.330000000000000169e-13
8.820000000000000000e+02 1.121668977513671743e-18 1.824645755636818606e-17 1.324821597487612525e-17 1.954387094137775854e-17 1.140700326205345363e-16 2.127619999999999874e-13
9.020000000000000000e+02 1.032406239961121002e-18 1.715937988512937708e-17 1.250628649700612254e-17 1.819072489799093104e-17 1.072974874758947373e-16 1.947960000000000012e-13
9.220000000000000000e+02 9.523912440495550437e-19 1.613883823995518852e-17 1.182543224329242851e-17 1.694922199975991893e-17 1.009995154309530884e-16 1.788049999999999888e-13
9.420000000000000000e+02 8.806002652965520502e-19 1.516744016444913403e-17 1.120293655475148182e-17 1.578744502583482876e-17 9.514660653637370093e-17 1.645370000000000087e-13
9.620000000000000000e+02 8.151938157356233011e-19 1.423048720526319766e-17 1.063228964298052886e-17 1.467586285682480735e-17 8.967591865596401328e-17 1.517729999999999835e-13
9.820000000000000000e+02 7.558400276290501668e-19 1.333581821529376277e-17 1.011181848235679596e-17 1.361582086684756244e-17 8.461310287295672624e-17 1.403260000000000071e-13
1.002000000000000000e+03 7.013525752867128857e-19 1.248574187451223273e-17 9.635672576678308266e-18 1.259788856407977225e-17 7.994447269155042276e-17 1.300339999999999890e-13
1.022000000000000000e+03 6.515623756890452891e-19 1.169452581247717029e-17 9.200438984847757146e-18 1.163145845819534971e-17 7.570162105012651600e-17 1.207579999999999889e-13
1.042000000000000000e+03 6.056998742961533446e-19 1.096528866653900486e-17 8.800297187048044148e-18 1.071364354549616382e-17 7.186473746139995929e-17 1.123790000000000001e-13
1.062000000000000000e+03 5.635611323312589259e-19 1.030372373293845209e-17 8.430747335152536341e-18 9.853114487314713188e-18 6.841639725172580657e-17 1.047960000000000060e-13
1.082000000000000000e+03 5.250398241017134071e-19 9.711679603551520480e-18 8.087419605539752548e-18 9.061007630979461763e-18 6.531832560071092353e-17 9.792009999999999541e-14
1.102000000000000000e+03 4.897696673257279795e-19 9.183505858864926890e-18 7.765853318716445216e-18 8.340173449010811703e-18 6.251072056348090172e-17 9.167350000000000313e-14
1.122000000000000000e+03 4.576846383050153428e-19 8.714174370114665502e-18 7.462829580109107189e-18 7.697151140559379571e-18 5.994213744554730171e-17 8.598969999999999861e-14
1.142000000000000000e+03 4.283884080103130620e-19 8.293800889188173250e-18 7.175327286105176062e-18 7.125956092314316941e-18 5.756075367753460113e-17 8.080940000000000552e-14
1.162000000000000000e+03 4.017256275513779639e-19 7.914461697743612181e-18 6.901624523143199014e-18 6.622130627828927107e-18 5.533290282737084652e-17 7.608050000000000080e-14
1.182000000000000000e+03 3.774965243946878700e-19 7.568085400512618154e-18 6.640786396996173434e-18 6.177404700100221676e-18 5.323639904116625971e-17 7.175679999999999723e-14
1.202000000000000000e+03 3.554019388423171940e-19 7.246887036475801706e-18 6.392291697775303469e-18 5.781303164836936860e-18 5.125542925371976956e-17 6.779669999999999979e-14
1.222000000000000000e+03 3.351256206237742540e-19 6.944686540499768507e-18 6.155931759216784291e-18 5.425268290820023955e-18 4.937755293954568891e-17 6.416330000000000035e-14
1.242000000000000000e+03 3.164300530003080508e-19 6.657664065093196048e-18 5.931904143705257650e-18 5.104842549092462765e-18 4.759197416107723811e-17 6.082429999999999559e-14
1.262000000000000000e+03 2.990921684303386174e-19 6.383922019896641689e-18 5.720353501869089185e-18 4.816669135707131071e-18 4.588789992476290332e-17 5.775019999999999560e-14
1.282000000000000000e+03 2.828962035969326206e-19 6.123070943471080807e-18 5.521178585695312175e-18 4.555991877401902907e-18 4.425699276125346559e-17 5.491489999999999782e-14
1.302000000000000000e+03 2.677207892703920060e-19 5.876427279514073641e-18 5.334165728942932637e-18 4.316633823607397636e-18 4.269967270026914076e-17 5.229569999999999975e-14
1.322000000000000000e+03 2.533986733056054956e-19 5.645111417185476811e-18 5.158570877101976701e-18 4.089217418541799704e-18 4.122122871480394313e-17 4.987240000000000315e-14
1.342000000000000000e+03 2.399072368827768074e-19 5.430974058068917335e-18 4.993657626049495403e-18 3.866507601970611540e-18 3.983297155618087241e-17 4.762759999999999792e-14
1.362000000000000000e+03 2.271792095540174780e-19 5.234503196892526954e-18 4.838304948144105677e-18 3.642912731747349878e-18 3.854054769555029827e-17 4.554540000000000049e-14
1.382000000000000000e+03 2.152468389936517365e-19 5.055623286666221076e-18 4.691433123354701679e-18 3.418833751204347888e-18 3.734333657491260640e-17 4.361190000000000171e-14
1.402000000000000000e+03 2.041029546183588702e-19 4.892804743761354648e-18 4.551861097748173266e-18 3.197864153642436809e-18 3.623159433994046538e-17 4.181500000000000282e-14
1.422000000000000000e+03 1.937423845332054770e-19 4.743775760080732591e-18 4.418530936562484112e-18 2.985352526526107377e-18 3.519144118371132565e-17 4.014389999999999190e-14
1.442000000000000000e+03 1.841730105603303673e-19 4.605890864832912508e-18 4.290566238263370618e-18 2.786563709906016075e-18 3.420819097617629519e-17 3.858829999999999952e-14
1.462000000000000000e+03 1.753976419881396966e-19 4.476507229520537605e-18 4.167315918517036437e-18 2.604515529951011352e-18 3.326894087390488320e-17 3.713929999999999983e-14
1.482000000000000000e+03 1.674058870558188492e-19 4.353316439509632154e-18 4.048368840471197206e-18 2.439575124975194903e-18 3.236354007226065205e-17 3.578859999999999782e-14
1.502000000000000000e+03 1.601083141709155914e-19 4.234611783662392560e-18 3.933383783904244113e-18 2.288685329837668510e-18 3.148452043887047735e-17 3.452840000000000310e-14
1.522000000000000000e+03 1.534728363476137581e-19 4.119509620161143806e-18 3.822364739454884559e-18 2.151460571285771320e-18 3.062702852445300980e-17 3.335149999999999930e-14
1.542000000000000000e+03 1.473925368857244707e-19 4.007759274644820320e-18 3.715251283904248020e-18 2.027916724372510850e-18 2.978785859640625159e-17 3.225089999999999716e-14
1.562000000000000000e+03 1.417969521897449064e-19 3.899807166431425825e-18 3.612198912689960113e-18 1.921692811824161998e-18 2.896719509716415674e-17 3.122040000000000220e-14
1.582000000000000000e+03 1.365938368856263047e-19 3.796559643464996009e-18 3.513297160632495487e-18 1.835340352053397035e-18 2.816860133425601718e-17 3.025450000000000124e-14
1.602000000000000000e+03 1.316954518846427316e-19 3.699282376009940682e-18 3.418599576288470850e-18 1.768569337194625835e-18 2.739940339320440489e-17 2.934780000000000092e-14
1.622000000000000000e+03 1.270368492516340845e-19 3.609291332169232316e-18 3.328151315533847068e-18 1.717423547018567334e-18 2.666975985456914174e-17 2.849599999999999919e-14
1.642000000000000000e+03 1.225538258261365048e-19 3.527651722797931442e-18 3.241863183397258678e-18 1.675084417667055232e-18 2.598898516299345007e-17 2.769499999999999899e-14
1.662000000000000000e+03 1.182250563480887601e-19 3.454730046729058749e-18 3.159670319896611546e-18 1.634127750849831770e-18 2.536325748617237731e-17 2.694149999999999809e-14
1.682000000000000000e+03 1.140251736108510289e-19 3.390292716213014681e-18 3.081365905449321361e-18 1.588281825999401284e-18 2.479308444757199309e-17 2.623250000000000018e-14
1.702000000000000000e+03 1.099806340083273063e-19 3.332955476597311942e-18 3.006786922082496863e-18 1.534465357505374461e-18 2.427285753548852063e-17 2.556569999999999968e-14
1.722000000000000000e+03 1.060990969028585941e-19 3.281107965003786155e-18 2.935659452101555519e-18 1.472786020696888734e-18 2.379408423999491332e-17 2.493880000000000363e-14
1.742000000000000000e+03 1.024217347721946186e-19 3.232383029016878343e-18 2.867734161164286524e-18 1.406293166365879915e-18 2.334605949428571951e-17 2.434979999999999978e-14
1.762000000000000000e+03 9.897577034759573419e-20 3.184633415596948533e-18 2.802725691080852848e-18 1.338677565166033936e-18 2.291984307811149936e-17 2.379689999999999981e-14
1.782000000000000000e+03 9.577987593906464411e-20 3.136199518595175409e-18 2.740352772734662781e-18 1.272617838209592950e-18 2.250885464750816115e-17 2.327799999999999999e-14
1.802000000000000000e+03 9.284545396108254661e-20 3.086021254317750060e-18 2.680349879376720496e-18 1.209394155232454853e-18 2.210799053206113660e-17 2.279129999999999940e-14
1.822000000000000000e+03 9.016609868911243774e-20 3.033990962653059427e-18 2.622492492676054648e-18 1.149205098375570452e-18 2.171388494626459403e-17 2.233470000000000062e-14
1.842000000000000000e+03 8.772641315774865082e-20 2.980681297402949701e-18 2.566600007572873524e-18 1.093322621462458928e-18 2.132328921782198837e-17 2.190559999999999844e-14
1.862000000000000000e+03 8.548702268526732238e-20 2.927511254760666864e-18 2.512579003467661388e-18 1.044143225978656738e-18 2.093620368038040013e-17 2.150180000000000083e-14
1.882000000000000000e+03 8.340911059640455522e-20 2.876039170051085086e-18 2.460391952517887876e-18 1.005269872192274970e-18 2.055317966642330674e-17 2.112150000000000370e-14
1.902000000000000000e+03 8.144625734321956093e-20 2.828053436770312428e-18 2.410082847908324872e-18 9.778428044105754887e-19 2.017817237940893015e-17 2.076209999999999869e-14
1.922000000000000000e+03 7.955493357124544602e-20 2.785287161961099774e-18 2.361758683956172639e-18 9.597550841844250085e-19 1.981715616735700387e-17 2.042180000000000064e-14
1.942000000000000000e+03 7.770075587583114918e-20 2.749020692192166217e-18 2.315573207554007975e-18 9.464633378552783543e-19 1.947657746103953833e-17 2.009949999999999933e-14
1.962000000000000000e+03 7.586229831055454253e-20 2.719873344736677340e-18 2.271705700175362167e-18 9.326156244122666835e-19 1.916100416788891803e-17 1.979410000000000032e-14
1.982000000000000000e+03 7.403658625229667110e-20 2.697519629521281499e-18 2.230311125664880463e-18 9.139971012771887816e-19 1.887064714085458335e-17 1.950500000000000120e-14
2.002000000000000000e+03 7.223587247165617897e-20 2.681056072790766298e-18 2.191554853303316256e-18 8.887343556138903089e-19 1.860218346207201051e-17 1.923179999999999826e-14
2.022000000000000000e+03 7.049290024392071254e-20 2.668297279421646060e-18 2.155441512951866037e-18 8.579351916998505242e-19 1.834833840520948767e-17 1.897450000000000096e-14
2.042000000000000000e+03 6.884870941127276751e-20 2.656951447502183042e-18 2.121956493672954598e-18 8.247091680182811403e-19 1.810386229748640659e-17 1.873329999999999854e-14
2.062000000000000000e+03 6.735029929216697324e-20 2.644313825129724489e-18 2.090901244608526242e-18 7.926716745518097433e-19 1.786536001526972630e-17 1.850809999999999954e-14
2.082000000000000000e+03 6.604233570393218390e-20 2.628456983663516988e-18 2.062106452693517874e-18 7.641971712158418619e-19 1.763319946957656128e-17 1.829839999999999931e-14
2.102000000000000000e+03 6.496180012444122797e-20 2.607506103782410835e-18 2.035098326067036899e-18 7.398140772955319134e-19 1.740585309144117292e-17 1.810369999999999951e-14
2.122000000000000000e+03 6.413434313177891809e-20 2.581249900236228411e-18 2.009560614354198672e-18 7.174771663442966590e-19 1.718260939158529325e-17 1.792279999999999849e-14
2.142000000000000000e+03 6.356889560723001536e-20 2.550175274764597407e-18 1.985047010374606362e-18 6.941784475870334930e-19 1.696016065800041618e-17 1.775450000000000086e-14
2.162000000000000000e+03 6.326039823927676252e-20 2.515742701194381767e-18 1.961225938181066954e-18 6.691437751066705134e-19 1.673559935410724297e-17 1.759620000000000142e-14
2.182000000000000000e+03 6.319250602476981910e-20 2.479788832611214006e-18 1.937889252775154268e-18 6.469338522918025351e-19 1.650797613095691423e-17 1.744660000000000073e-14
2.202000000000000000e+03 6.332007388842124780e-20 2.444091124593437207e-18 1.914801360705922359e-18 6.350959605867894377e-19 1.627894245542455997e-17 1.730360000000000136e-14
2.222000000000000000e+03 6.360309795349945127e-20 2.410306971669818813e-18 1.892043553685610329e-18 6.380668742459169515e-19 1.605520907678728384e-17 1.716539999999999924e-14
2.242000000000000000e+03 6.397331845975223453e-20 2.379463939825925289e-18 1.869651634172351216e-18 6.556186240304731525e-19 1.584538831741591932e-17 1.703060000000000028e-14
2.262000000000000000e+03 6.438466711621193986e-20 2.352043694832456756e-18 1.847933526001873696e-18 6.846903487397888074e-19 1.565930525653285498e-17 1.689899999999999948e-14
2.282000000000000000e+03 6.477894366025669727e-20 2.327602161442557500e-18 1.827099281179896826e-18 7.197491061474317369e-19 1.550278698602393222e-17 1.677040000000000130e-14
2.302000000000000000e+03 6.512960515143251036e-20 2.305142150876399350e-18 1.807460907581831094e-18 7.544853367445650190e-19 1.537698176414600317e-17 1.664500000000000127e-14
2.322000000000000000e+03 6.541889286234552456e-20 2.283026125198931095e-18 1.789151604449382638e-18 7.823282541661248050e-19 1.527541405649382124e-17 1.652339999999999866e-14
2.342000000000000000e+03 6.566023090078678229e-20 2.259558423779510283e-18 1.772235276445709647e-18 7.993987358915048516e-19 1.518796848631568878e-17 1.640600000000000035e-14
2.362000000000000000e+03 6.589298395857635768e-20 2.233312125879827916e-18 1.756671365779101149e-18 8.055814562604629645e-19 1.510454402940581494e-17 1.629309999999999964e-14
2.382000000000000000e+03 6.615894879897204614e-20 2.203374502129289550e-18 1.742162522577938349e-18 8.036432448072203211e-19 1.501666560993636630e-17 1.618450000000000099e-14
2.402000000000000000e+03 6.651808918418534509e-20 2.169682870890651926e-18 1.728430556277221348e-18 7.972075088630094074e-19 1.492097053854706177e-17 1.607969999999999976e-14
2.422000000000000000e+03 6.700137315237269789e-20 2.132917253754872835e-18 1.714924247711121360e-18 7.879712300952292192e-19 1.481419372914108523e-17 1.597799999999999891e-14
2.442000000000000000e+03 6.764913286470409753e-20 2.094341032899851304e-18 1.701330479473121730e-18 7.751455336529997285e-19 1.469613240076744594e-17 1.587800000000000123e-14
2.462000000000000000e+03 6.844027229043285981e-20 2.055470142244182869e-18 1.687101503237641060e-18 7.579679282905835563e-19 1.456417964543792006e-17 1.577819999999999910e-14
2.482000000000000000e+03 6.935539541771855118e-20 2.017606060788037196e-18 1.672061422281816568e-18 7.409459670176634623e-19 1.441904300170413897e-17 1.567710000000000067e-14
2.502000000000000000e+03 7.033151259678912149e-20 1.981621932941815216e-18 1.656073994661036554e-18 7.324092691941954617e-19 1.426244939649824929e-17 1.557420000000000131e-14
2.522000000000000000e+03 7.127354926317128903e-20 1.947879152504807038e-18 1.639131214192560201e-18 7.357186559426209594e-19 1.409823578347571937e-17 1.546859999999999896e-14
2.542000000000000000e+03 7.210274791218308089e-20 1.916181353569349264e-18 1.621474855595940861e-18 7.465442701203200348e-19 1.393171049182793399e-17 1.536049999999999864e-14
2.562000000000000000e+03 7.272765675434084114e-20 1.885897587046290539e-18 1.603338336904168271e-18 7.566109406891891282e-19 1.376601625377996794e-17 1.525049999999999962e-14
2.582000000000000000e+03 7.311727365144828395e-20 1.856092376398639362e-18 1.585083699076949703e-18 7.589680375134232020e-19 1.360139374339994927e-17 1.513929999999999891e-14
2.602000000000000000e+03 7.326583243264433141e-20 1.825753225244815679e-18 1.566930476920759158e-18 7.510729906789050376e-19 1.343405391125087648e-17 1.502810000000000137e-14
2.622000000000000000e+03 7.324218818459832689e-20 1.794050319273809580e-18 1.549079758234862531e-18 7.368064328811787022e-19 1.326131229253214085e-17 1.491709999999999936e-14
2.642000000000000000e+03 7.315697427178535589e-20 1.760523778767952570e-18 1.531577913275210086e-18 7.247361479831145249e-19 1.308463473248174437e-17 1.480739999999999997e-14
2.662000000000000000e+03 7.314520282122963358e-20 1.725288197815916981e-18 1.514316467038680960e-18 7.254184835757090399e-19 1.290981986599064819e-17 1.469910000000000095e-14
2.682000000000000000e+03 7.336193778733741051e-20 1.688864150277650553e-18 1.497138407245948921e-18 7.511428247725858482e-19 1.274332001407825369e-17 1.459249999999999878e-14
2.702000000000000000e+03 7.380557581432965835e-20 1.652157332185039643e-18 1.479749938365447142e-18 8.117515223391166820e-19 1.258739639726624287e-17 1.448719999999999922e-14
2.722000000000000000e+03 7.302760282294362856e-20 1.614969649938355010e-18 1.461795118219598642e-18 8.472379633299456911e-19 1.243536590338942418e-17 1.438330000000000004e-14
2.742000000000000000e+03 7.130869205680343178e-20 1.579873244658651822e-18 1.442930337504196103e-18 8.556977514881688032e-19 1.227710444280700742e-17 1.428059999999999938e-14
2.762000000000000000e+03 6.908275103309626891e-20 1.547940545919216322e-18 1.423229125531798464e-18 8.493419007745748934e-19 1.211050722670139869e-17 1.417939999999999844e-14
2.782000000000000000e+03 6.654589166562303208e-20 1.519252230459865000e-18 1.402875200969834761e-18 8.325895204774553592e-19 1.193616732615852757e-17 1.407979999999999974e-14
2.802000000000000000e+03 6.383180887142730997e-20 1.493336694779755653e-18 1.382105840767599773e-18 8.084473941091334839e-19 1.175589636204852866e-17 1.398220000000000068e-14
2.822000000000000000e+03 6.103007723782014661e-20 1.469439627665249352e-18 1.361149000478911930e-18 7.790749540921253486e-19 1.157180318284977071e-17 1.388699999999999866e-14
2.842000000000000000e+03 5.821026252439379369e-20 1.446697678099337808e-18 1.340214505669154915e-18 7.462271743288482621e-19 1.138605736121780846e-17 1.379469999999999990e-14
2.862000000000000000e+03 5.542751833231448384e-20 1.424310874285937484e-18 1.319480963081628975e-18 7.113572501226102833e-19 1.120064579319010908e-17 1.370529999999999967e-14
2.882000000000000000e+03 5.271868494560184116e-20 1.401643035472005861e-18 1.299087323737710339e-18 6.756404205628321254e-19 1.101721792048380441e-17 1.361929999999999946e-14
2.902000000000000000e+03 5.010178218654058659e-20 1.378316534816506294e-18 1.279122979427486095e-18 6.399135712497963155e-19 1.083689482684247428e-17 1.353700000000000047e-14
2.922000000000000000e+03 4.760049598769912090e-20 1.354273709718733690e-18 1.259657906189774358e-18 6.050462026727829425e-19 1.066062608076142372e-17 1.345850000000000047e-14
2.942000000000000000e+03 4.521849722057155724e-20 1.329702377707179898e-18 1.240715560673337379e-18 5.715435173181323594e-19 1.048879081868414560e-17 1.338429999999999939e-14
2.962000000000000000e+03 4.296839405344921093e-20 1.305053192414679826e-18 1.222309681985073245e-18 5.399523482265581137e-19 1.032167861291205571e-17 1.331479999999999934e-14
2.982000000000000000e+03 4.084793051563196046e-20 1.280858746101707453e-18 1.204424008891139322e-18 5.104902418333518007e-19 1.015918444440635861e-17 1.325059999999999960e-14
