2.304600475862833564e-02
2.304600475862833564e-02
2.304600475862833564e-02
2.304600475862833564e-02
2.304600475862833564e-02
2.304600475862833564e-02
2.304600475862833564e-02
2.304600475862833564e-02
2.304600475862833564e-02
2.304600475862833564e-02
2.304600475862833564e-02
2.304600475862833564e-02
2.304600475862833564e-02
2.304600475862833564e-02
2.304600475862833564e-02
2.304600475862833564e-02
2.304600475862833564e-02
2.304600475862833564e-02
2.304600475862833564e-02
2.304600475862833564e-02
2.304600475862833564e-02
2.304600475862833564e-02
2.304600475862833564e-02
2.304600475862833564e-02
2.304600475862833564e-02
2.304600475862833564e-02
2.304600475862833564e-02
2.304600475862833564e-02
2.304600475862833564e-02
2.304600475862833564e-02
2.304600475862833564e-02
2.304600475862833564e-02
2.304600475862833564e-02
2.304600475862833564e-02
2.304600475862833564e-02
2.304600475862833564e-02
2.304600475862833564e-02
2.304600475862833564e-02
2.304600475862833564e-02
2.304600475862833564e-02
2.304600475862833564e-02
2.299996965900987650e-02
2.290789945977295128e-02
2.281582926053603300e-02
2.272375906129910778e-02
2.263168886206218949e-02
2.253961866282526427e-02
2.244754846358834599e-02
2.235547826435142077e-02
2.226340806511450249e-02
2.217133786587757727e-02
2.207926766664065898e-02
2.198719746740373376e-02
2.189512726816681548e-02
2.180305706892989026e-02
2.171098686969297198e-02
2.161891667045604676e-02
2.152684647121912848e-02
2.143477627198220326e-02
2.134270607274528497e-02
2.125063587350835975e-02
2.115856567427144147e-02
2.106649547503451625e-02
2.097442527579759797e-02
2.088235507656067275e-02
2.079028487732375446e-02
2.069821467808682924e-02
2.060614447884991096e-02
2.051407427961298574e-02
2.042200408037606746e-02
2.032993388113914224e-02
2.023786368190222396e-02
2.014579348266529873e-02
2.005372328342838045e-02
1.996165308419145523e-02
1.986958288495453695e-02
1.977751268571761173e-02
1.968544248648069345e-02
1.959337228724376823e-02
1.950130208800684994e-02
1.940923188876992472e-02
1.931716168953300644e-02
1.922509149029608122e-02
1.913302129105916294e-02
1.904095109182223772e-02
1.894888089258531944e-02
1.885681069334839421e-02
1.876474049411147593e-02
1.867267029487455071e-02
1.858060009563763243e-02
1.848852989640070721e-02
1.839645969716378893e-02
1.830438949792686371e-02
1.821231929868994542e-02
1.812024909945302020e-02
1.802817890021610192e-02
1.793610870097917670e-02
1.784403850174225842e-02
1.775196830250533320e-02
1.765989810326841492e-02
1.756782790403148969e-02
1.747575770479457141e-02
1.740230699013108756e-02
1.734747576004104508e-02
1.729264452995100260e-02
1.723781329986096358e-02
1.718298206977092110e-02
1.712815083968087862e-02
1.707331960959083614e-02
1.701848837950079366e-02
1.696365714941075117e-02
1.690882591932071216e-02
1.685399468923066968e-02
1.679916345914062720e-02
1.674433222905058471e-02
1.668950099896054223e-02
1.663466976887049975e-02
1.657983853878046074e-02
1.652500730869041826e-02
1.647017607860037577e-02
1.641534484851033329e-02
1.636051361842029081e-02
1.630568238833025180e-02
1.625085115824020932e-02
1.619601992815016683e-02
1.614118869806012435e-02
1.608635746797008187e-02
1.603152623788003939e-02
1.597669500779000037e-02
1.592186377769995789e-02
1.586703254760991541e-02
1.581220131751987293e-02
1.575737008742983045e-02
1.570253885733978796e-02
1.564770762724974895e-02
1.559287639715970647e-02
1.553804516706966399e-02
1.548321393697962151e-02
1.542838270688957902e-02
1.537355147679953828e-02
1.531872024670949579e-02
1.526388901661945505e-02
1.520905778652941256e-02
1.515422655643937008e-02
1.509939532634932760e-02
1.504456409625928685e-02
1.498973286616924437e-02
1.493490163607920362e-02
1.488007040598916114e-02
1.482523917589911866e-02
1.477040794580907791e-02
1.471557671571903543e-02
1.466074548562899295e-02
1.460591425553895220e-02
1.455108302544890972e-02
1.449625179535886724e-02
1.444142056526882649e-02
1.438658933517878401e-02
1.433175810508874326e-02
1.427692687499870078e-02
1.422209564490865830e-02
1.416726441481861581e-02
1.411243318472857507e-02
1.406851567160769673e-02
1.403551187545598426e-02
1.400250807930427006e-02
1.396950428315255587e-02
1.393650048700084340e-02
1.390349669084912920e-02
1.387049289469741674e-02
1.383748909854570254e-02
1.380448530239399008e-02
1.377148150624227588e-02
1.373847771009056168e-02
1.370547391393884921e-02
1.367247011778713502e-02
1.363946632163542255e-02
1.360646252548370835e-02
1.357345872933199415e-02
1.354045493318028169e-02
1.350745113702856749e-02
1.347444734087685503e-02
1.344144354472514083e-02
1.340843974857342663e-02
1.337543595242171417e-02
1.334243215626999997e-02
1.330942836011828750e-02
1.327642456396657331e-02
1.324342076781485911e-02
1.321041697166314664e-02
1.317741317551143244e-02
1.314440937935971998e-02
1.311140558320800578e-02
1.307840178705629158e-02
1.304539799090457912e-02
1.301239419475286492e-02
1.297939039860115246e-02
1.294638660244943826e-02
1.291338280629772406e-02
1.288037901014601160e-02
1.284737521399429740e-02
1.281437141784258493e-02
1.278136762169087073e-02
1.274836382553915827e-02
1.271536002938744407e-02
1.268235623323572987e-02
1.264935243708401741e-02
1.261634864093230321e-02
1.258334484478059075e-02
1.255034104862887655e-02
1.251733725247716408e-02
1.248433345632544988e-02
1.245132966017373569e-02
1.241832586402202322e-02
1.238532206787030902e-02
1.235231827171859656e-02
1.231931447556688236e-02
1.228631067941516816e-02
1.225330688326345570e-02
1.222030308711174150e-02
1.218729929096002904e-02
1.215429549480831484e-02
1.212129169865660064e-02
1.208828790250488817e-02
1.206073814074643154e-02
1.203864241338123420e-02
1.201654668601603686e-02
1.199445095865083778e-02
1.197235523128564044e-02
1.195025950392044310e-02
1.192816377655524403e-02
1.190606804919004669e-02
1.188397232182484935e-02
1.186187659445965201e-02
1.183978086709445293e-02
1.181768513972925559e-02
1.179558941236405825e-02
1.177349368499885918e-02
1.175139795763366184e-02
1.172930223026846450e-02
1.170720650290326542e-02
1.168511077553806808e-02
1.166301504817287074e-02
1.164091932080767167e-02
1.161882359344247433e-02
1.159672786607727699e-02
1.157463213871207791e-02
1.155253641134688057e-02
1.153044068398168323e-02
1.150834495661648589e-02
1.148624922925128682e-02
1.146415350188608948e-02
1.144205777452089214e-02
1.141996204715569306e-02
1.139786631979049572e-02
1.137577059242529838e-02
1.135367486506009931e-02
1.133157913769490197e-02
1.130948341032970463e-02
1.128738768296450729e-02
1.126529195559930821e-02
1.124319622823411087e-02
1.122110050086891353e-02
1.119900477350371445e-02
1.117690904613851711e-02
1.115481331877331977e-02
1.113271759140812070e-02
1.111062186404292336e-02
1.108852613667772602e-02
1.106643040931252694e-02
1.104433468194732960e-02
1.102223895458213226e-02
1.100014322721693319e-02
1.097804749985173585e-02
1.095595177248653851e-02
1.093385604512133943e-02
1.091176031775614209e-02
1.088966459039094475e-02
1.086756886302574741e-02
1.084547313566054834e-02
1.082337740829535100e-02
1.080128168093015366e-02
1.077918595356495458e-02
1.075709022619975724e-02
1.073499449883455990e-02
1.071574717921847976e-02
1.069934826735152028e-02
1.068294935548455907e-02
1.066655044361759959e-02
1.065015153175063838e-02
1.063375261988367890e-02
1.061735370801671768e-02
1.060095479614975647e-02
1.058455588428279699e-02
1.056815697241583578e-02
1.055175806054887630e-02
1.053535914868191509e-02
1.051896023681495561e-02
1.050256132494799440e-02
1.048616241308103492e-02
1.046976350121407370e-02
1.045336458934711422e-02
1.043696567748015301e-02
1.042056676561319353e-02
1.040416785374623232e-02
1.038776894187927111e-02
1.037137003001231163e-02
1.035497111814535041e-02
1.033857220627839094e-02
1.032217329441142972e-02
1.030577438254447024e-02
1.028937547067750903e-02
1.027297655881054955e-02
1.025657764694358834e-02
1.024017873507662886e-02
1.022377982320966765e-02
1.020738091134270643e-02
1.019098199947574696e-02
1.017458308760878574e-02
1.015818417574182626e-02
1.014178526387486505e-02
1.012538635200790557e-02
1.010898744014094436e-02
1.009258852827398488e-02
1.007618961640702367e-02
1.005979070454006419e-02
1.004339179267310297e-02
1.002699288080614176e-02
1.001059396893918228e-02
9.994195057072221069e-03
9.977796145205261591e-03
9.961397233338300378e-03
9.944998321471340899e-03
9.928599409604379686e-03
9.912200497737420207e-03
9.895801585870458994e-03
9.879402674003499515e-03
9.863003762136538302e-03
9.846604850269578824e-03
9.830205938402617610e-03
9.813807026535656397e-03
9.797408114668696918e-03
9.781009202801735705e-03
9.764610290934776227e-03
9.748211379067815013e-03
9.731812467200855535e-03
9.716741295026450412e-03
9.702997862544601379e-03
9.689254430062750612e-03
9.675510997580901579e-03
9.661767565099052546e-03
9.648024132617203513e-03
9.634280700135354480e-03
9.620537267653503713e-03
9.606793835171654680e-03
9.593050402689805647e-03
9.579306970207956615e-03
9.565563537726107582e-03
9.551820105244256814e-03
9.538076672762407782e-03
9.524333240280558749e-03
9.510589807798709716e-03
9.496846375316858949e-03
9.483102942835009916e-03
9.469359510353160883e-03
9.455616077871311850e-03
9.441872645389462818e-03
9.428129212907612050e-03
9.414385780425763017e-03
9.400642347943913985e-03
9.386898915462064952e-03
9.373155482980215919e-03
9.359412050498365152e-03
9.345668618016516119e-03
9.331925185534667086e-03
9.318181753052818053e-03
9.304438320570967286e-03
9.290694888089118253e-03
9.276951455607269220e-03
9.263208023125420187e-03
9.249464590643571155e-03
9.235721158161720387e-03
9.221977725679871354e-03
9.208234293198022322e-03
9.194490860716173289e-03
9.180747428234324256e-03
9.167003995752473489e-03
9.153260563270624456e-03
9.139517130788775423e-03
9.125773698306926390e-03
9.112030265825077358e-03
9.098286833343226590e-03
9.084543400861377557e-03
9.070799968379528525e-03
9.057056535897679492e-03
9.043313103415828724e-03
9.029569670933979691e-03
9.015826238452130659e-03
9.002082805970281626e-03
8.988339373488432593e-03
8.974595941006581826e-03
8.960852508524732793e-03
8.947109076042883760e-03
8.933365643561034727e-03
8.919622211079185695e-03
8.905878778597334927e-03
8.892135346115485894e-03
8.880800891993030979e-03
8.871875416229968447e-03
8.862949940466905915e-03
8.854024464703845118e-03
8.845098988940782586e-03
8.836173513177721789e-03
8.827248037414659257e-03
8.818322561651596725e-03
8.809397085888535928e-03
8.800471610125473396e-03
8.791546134362410864e-03
8.782620658599350066e-03
8.773695182836287534e-03
8.764769707073226737e-03
8.755844231310164205e-03
8.746918755547101673e-03
8.737993279784040876e-03
8.729067804020978344e-03
8.720142328257915812e-03
8.711216852494855015e-03
8.702291376731792483e-03
8.693365900968731685e-03
8.684440425205669153e-03
8.675514949442606621e-03
8.666589473679545824e-03
8.657663997916483292e-03
8.648738522153420760e-03
8.639813046390359963e-03
8.630887570627297431e-03
8.621962094864236634e-03
8.613036619101174102e-03
8.604111143338111570e-03
8.595185667575050772e-03
8.586260191811988240e-03
8.577334716048927443e-03
8.568409240285864911e-03
8.559483764522802379e-03
8.550558288759741582e-03
8.541632812996679050e-03
8.532707337233616518e-03
8.523781861470555721e-03
8.514856385707493189e-03
8.505930909944432392e-03
8.497005434181369860e-03
8.488079958418307328e-03
8.479154482655246530e-03
8.470229006892183998e-03
8.461303531129121466e-03
8.452378055366060669e-03
8.443452579602998137e-03
8.434527103839937340e-03
8.425601628076874808e-03
8.416676152313812276e-03
8.407750676550751479e-03
8.398825200787688947e-03
8.389899725024626415e-03
8.380974249261565617e-03
8.372048773498503085e-03
8.363123297735442288e-03
8.354197821972379756e-03
8.345272346209317224e-03
8.336036399060752985e-03
8.326489980526687040e-03
8.316943561992621095e-03
8.307397143458553415e-03
8.297850724924487470e-03
8.288304306390419790e-03
8.278757887856353845e-03
8.269211469322287900e-03
8.259665050788220220e-03
8.250118632254154274e-03
8.240572213720086595e-03
8.231025795186020649e-03
8.221479376651954704e-03
8.211932958117887024e-03
8.202386539583821079e-03
8.192840121049755134e-03
8.183293702515687454e-03
8.173747283981621509e-03
8.164200865447553829e-03
8.154654446913487884e-03
8.145108028379421938e-03
8.135561609845354258e-03
8.126015191311288313e-03
8.116468772777220633e-03
8.106922354243154688e-03
8.097375935709088743e-03
8.087829517175021063e-03
8.078283098640955118e-03
8.068736680106889173e-03
8.059190261572821493e-03
8.049643843038755547e-03
8.040097424504687867e-03
8.030551005970621922e-03
8.021004587436555977e-03
8.011458168902488297e-03
8.001911750368422352e-03
7.992365331834354672e-03
7.982818913300288727e-03
7.973272494766222782e-03
7.963726076232155102e-03
7.954179657698089156e-03
7.944633239164023211e-03
7.935086820629955531e-03
7.925540402095889586e-03
7.915993983561821906e-03
7.906447565027755961e-03
7.896901146493690016e-03
7.887354727959622336e-03
7.877808309425556391e-03
7.868261890891488711e-03
7.858715472357422765e-03
7.849169053823356820e-03
7.839622635289289140e-03
7.830076216755223195e-03
7.820529798221155515e-03
7.810983379687089570e-03
7.801436961153023625e-03
7.791890542618956812e-03
7.782344124084890000e-03
7.772797705550823187e-03
7.763251287016756375e-03
7.754526770230573199e-03
7.746624155192273660e-03
7.738721540153973254e-03
7.730818925115673715e-03
7.722916310077374176e-03
7.715013695039073770e-03
7.707111080000774231e-03
7.699208464962473825e-03
7.691305849924174286e-03
7.683403234885874747e-03
7.675500619847574341e-03
7.667598004809274802e-03
7.659695389770974396e-03
7.651792774732674857e-03
7.643890159694375318e-03
7.635987544656074912e-03
7.628084929617775373e-03
7.620182314579474966e-03
7.612279699541175428e-03
7.604377084502875889e-03
7.596474469464575482e-03
7.588571854426275944e-03
7.580669239387975537e-03
7.572766624349675998e-03
7.564864009311375592e-03
7.556961394273076053e-03
7.549058779234776514e-03
7.541156164196476108e-03
7.533253549158176569e-03
7.525350934119876163e-03
7.517448319081576624e-03
7.509545704043277085e-03
7.501643089004976679e-03
7.493740473966677140e-03
7.485837858928376734e-03
7.477935243890077195e-03
7.470032628851777656e-03
7.462130013813477250e-03
7.454227398775177711e-03
7.446324783736877305e-03
7.438422168698577766e-03
7.430519553660277360e-03
7.422616938621977821e-03
7.414714323583678282e-03
7.406811708545377876e-03
7.398909093507078337e-03
7.391006478468777931e-03
7.383103863430478392e-03
7.375201248392178853e-03
7.367298633353878447e-03
7.359396018315578908e-03
7.351493403277278502e-03
7.343590788238978963e-03
7.335688173200679424e-03
7.327785558162379018e-03
7.319882943124079479e-03
7.311980328085779073e-03
7.304077713047479534e-03
7.296175098009179127e-03
7.288272482970879589e-03
7.280369867932580050e-03
7.273508225886294622e-03
7.267687556832025039e-03
7.261866887777754589e-03
7.256046218723485007e-03
7.250225549669214557e-03
7.244404880614944107e-03
7.238584211560674525e-03
7.232763542506404075e-03
7.226942873452134493e-03
7.221122204397864043e-03
7.215301535343594461e-03
7.209480866289324011e-03
7.203660197235054428e-03
7.197839528180783979e-03
7.192018859126513529e-03
7.186198190072243946e-03
7.180377521017973497e-03
7.174556851963703914e-03
7.168736182909433464e-03
7.162915513855163882e-03
7.157094844800893432e-03
7.151274175746622982e-03
7.145453506692353400e-03
7.139632837638082950e-03
7.133812168583813368e-03
7.127991499529542918e-03
7.122170830475273336e-03
7.116350161421002886e-03
7.110529492366733303e-03
7.104708823312462854e-03
7.098888154258192404e-03
7.093067485203922821e-03
7.087246816149652372e-03
7.081426147095382789e-03
7.075605478041112339e-03
7.069784808986842757e-03
7.063964139932572307e-03
7.058143470878302725e-03
7.052322801824032275e-03
7.046502132769761825e-03
7.040681463715492243e-03
7.034860794661221793e-03
7.029040125606952211e-03
7.023219456552681761e-03
7.017398787498412178e-03
7.011578118444141729e-03
7.005757449389872146e-03
6.999936780335601696e-03
6.994116111281331247e-03
6.988295442227061664e-03
6.982474773172791215e-03
6.976654104118521632e-03
6.970833435064251182e-03
6.965012766009981600e-03
6.959192096955711150e-03
6.953371427901441568e-03
6.947550758847171118e-03
6.941730089792900668e-03
6.935909420738631086e-03
6.930088751684360636e-03
6.924268082630091053e-03
6.918195263554736442e-03
6.911870294458298536e-03
6.905545325361860630e-03
6.899220356265422724e-03
6.892895387168983951e-03
6.886570418072546045e-03
6.880245448976108139e-03
6.873920479879670233e-03
6.867595510783231459e-03
6.861270541686793553e-03
6.854945572590355647e-03
6.848620603493916874e-03
6.842295634397478968e-03
6.835970665301041062e-03
6.829645696204603156e-03
6.823320727108164382e-03
6.816995758011726476e-03
6.810670788915288570e-03
6.804345819818850664e-03
6.798020850722411891e-03
6.791695881625973985e-03
6.785370912529536079e-03
6.779045943433098173e-03
6.772720974336659400e-03
6.766396005240221494e-03
6.760071036143783588e-03
6.753746067047345682e-03
6.747421097950906908e-03
6.741096128854469002e-03
6.734771159758031096e-03
6.728446190661593190e-03
6.722121221565154417e-03
6.715796252468716511e-03
6.709471283372278605e-03
6.703146314275839832e-03
6.696821345179401926e-03
6.690496376082964020e-03
6.684171406986526114e-03
6.677846437890087340e-03
6.671521468793649434e-03
6.665196499697211528e-03
6.658871530600773622e-03
6.652546561504334849e-03
6.646221592407896943e-03
6.639896623311459037e-03
6.633571654215021131e-03
6.627246685118582357e-03
6.620921716022144451e-03
6.614596746925706545e-03
6.608271777829268639e-03
6.601946808732829866e-03
6.595621839636391960e-03
6.589296870539954054e-03
6.582971901443515281e-03
6.576646932347077375e-03
6.570321963250639469e-03
6.563996994154201563e-03
6.557672025057762789e-03
6.551347055961324883e-03
6.545022086864886977e-03
6.538697117768449071e-03
6.532743761936821505e-03
6.527162019370006014e-03
6.521580276803189656e-03
6.515998534236373298e-03
6.510416791669557807e-03
6.504835049102741448e-03
6.499253306535925957e-03
6.493671563969109599e-03
6.488089821402293240e-03
6.482508078835477749e-03
6.476926336268661391e-03
6.471344593701845900e-03
6.465762851135029542e-03
6.460181108568213183e-03
6.454599366001397692e-03
6.449017623434581334e-03
6.443435880867764975e-03
6.437854138300949484e-03
6.432272395734133126e-03
6.426690653167317635e-03
6.421108910600501277e-03
6.415527168033684918e-03
6.409945425466869427e-03
6.404363682900053069e-03
6.398781940333237578e-03
6.393200197766421219e-03
6.387618455199604861e-03
6.382036712632789370e-03
6.376454970065973012e-03
6.370873227499157521e-03
6.365291484932341162e-03
6.359709742365524804e-03
6.354127999798709313e-03
6.348546257231892954e-03
6.342964514665077463e-03
6.337382772098261105e-03
6.331801029531444747e-03
6.326219286964629256e-03
6.320637544397812897e-03
6.315055801830997406e-03
6.309474059264181048e-03
6.303892316697364689e-03
6.298310574130549198e-03
6.292728831563732840e-03
6.287147088996917349e-03
6.281565346430100991e-03
6.275983603863284632e-03
6.270401861296469141e-03
6.264820118729652783e-03
6.259238376162837292e-03
6.253656633596020933e-03
6.248074891029204575e-03
6.242493148462389084e-03
6.236911405895572726e-03
6.231329663328756367e-03
6.225747920761940876e-03
6.220166178195124518e-03
6.214584435628309027e-03
6.209002693061492668e-03
6.203420950494676310e-03
6.197839207927860819e-03
6.192631021056891998e-03
6.187796389881770713e-03
6.182961758706650296e-03
6.178127127531529011e-03
6.173292496356407727e-03
6.168457865181286442e-03
6.163623234006165158e-03
6.158788602831044741e-03
6.153953971655923456e-03
6.149119340480802172e-03
6.144284709305680887e-03
6.139450078130559603e-03
6.134615446955439186e-03
6.129780815780317901e-03
6.124946184605196617e-03
6.120111553430075332e-03
6.115276922254954915e-03
6.110442291079833631e-03
6.105607659904712346e-03
6.100773028729591062e-03
6.095938397554469777e-03
6.091103766379349360e-03
6.086269135204228076e-03
6.081434504029106791e-03
6.076599872853985507e-03
6.071765241678864222e-03
6.066930610503743805e-03
6.062095979328622521e-03
6.057261348153501236e-03
6.052426716978379952e-03
6.047592085803259535e-03
6.042757454628138250e-03
6.037922823453016966e-03
6.033088192277895681e-03
6.028253561102774397e-03
6.023418929927653979e-03
6.018584298752532695e-03
6.013749667577411410e-03
6.008915036402290126e-03
6.004080405227168842e-03
5.999245774052048424e-03
5.994411142876927140e-03
5.989576511701805855e-03
5.984741880526684571e-03
5.979907249351563286e-03
5.975072618176442869e-03
5.970237987001321585e-03
5.965403355826200300e-03
5.960568724651079016e-03
5.955734093475958599e-03
5.950899462300837314e-03
5.946064831125716030e-03
5.941230199950594745e-03
5.936395568775473461e-03
5.931560937600353044e-03
5.926726306425231759e-03
5.921891675250110475e-03
5.917057044074989190e-03
5.912222412899867906e-03
5.907387781724747489e-03
5.902553150549626204e-03
5.898158250221956569e-03
5.894203080741738585e-03
5.890247911261520600e-03
5.886292741781301747e-03
5.882337572301083763e-03
5.878382402820865778e-03
5.874427233340647793e-03
5.870472063860429808e-03
5.866516894380211823e-03
5.862561724899993838e-03
5.858606555419774986e-03
5.854651385939557001e-03
5.850696216459339016e-03
5.846741046979121031e-03
5.842785877498903047e-03
5.838830708018685062e-03
5.834875538538467077e-03
5.830920369058248225e-03
5.826965199578030240e-03
5.823010030097812255e-03
5.819054860617594270e-03
5.815099691137376285e-03
5.811144521657158300e-03
5.807189352176940315e-03
5.803234182696721463e-03
5.799279013216503478e-03
5.795323843736285493e-03
5.791368674256067509e-03
5.787413504775849524e-03
5.783458335295631539e-03
5.779503165815413554e-03
5.775547996335194702e-03
5.771592826854976717e-03
5.767637657374758732e-03
5.763682487894540747e-03
5.759727318414322762e-03
5.755772148934104777e-03
5.751816979453885925e-03
5.747861809973667940e-03
5.743906640493449955e-03
5.739951471013231971e-03
5.735996301533013986e-03
5.732041132052796001e-03
5.728085962572578016e-03
5.724130793092359164e-03
5.720175623612141179e-03
5.716220454131923194e-03
5.712265284651705209e-03
5.708310115171487224e-03
5.704354945691269239e-03
5.700399776211051255e-03
5.696444606730832402e-03
5.692489437250614417e-03
5.688534267770396433e-03
5.684579098290178448e-03
5.680623928809960463e-03
5.676668759329742478e-03
5.672713589849524493e-03
5.668758420369305641e-03
5.664803250889087656e-03
5.660848081408869671e-03
5.656825874658515628e-03
5.652736630638025526e-03
5.648647386617534558e-03
5.644558142597044456e-03
5.640468898576554355e-03
5.636379654556064253e-03
5.632290410535574152e-03
5.628201166515083183e-03
5.624111922494593081e-03
5.620022678474102980e-03
5.615933434453612878e-03
5.611844190433121909e-03
5.607754946412631808e-03
5.603665702392141706e-03
5.599576458371651605e-03
5.595487214351160636e-03
5.591397970330670535e-03
5.587308726310180433e-03
5.583219482289690332e-03
5.579130238269200230e-03
5.575040994248709261e-03
5.570951750228219160e-03
5.566862506207729058e-03
5.562773262187238957e-03
5.558684018166747988e-03
5.554594774146257886e-03
5.550505530125767785e-03
5.546416286105277683e-03
5.542327042084786715e-03
5.538237798064296613e-03
5.534148554043806512e-03
5.530059310023316410e-03
5.525970066002826309e-03
5.521880821982335340e-03
5.517791577961845238e-03
5.513702333941355137e-03
5.509613089920865035e-03
5.505523845900374066e-03
5.501434601879883965e-03
5.497345357859393863e-03
5.493256113838903762e-03
5.489166869818412793e-03
5.485077625797922692e-03
5.480988381777432590e-03
5.476899137756942489e-03
5.472809893736452387e-03
5.468720649715961418e-03
5.464631405695471317e-03
5.460542161674981215e-03
5.456452917654491114e-03
5.452363673634000145e-03
5.448274429613510043e-03
5.444185185593019942e-03
5.440095941572529840e-03
5.436006697552038872e-03
5.431917453531548770e-03
5.427828209511058669e-03
5.423738965490568567e-03
5.419649721470078466e-03
5.415560477449587497e-03
5.411471233429097395e-03
5.407707733401666966e-03
5.404269977367296210e-03
5.400832221332925454e-03
5.397394465298555565e-03
5.393956709264184808e-03
5.390518953229814052e-03
5.387081197195443295e-03
5.383643441161072539e-03
5.380205685126702650e-03
5.376767929092331894e-03
5.373330173057961137e-03
5.369892417023590381e-03
5.366454660989219624e-03
5.363016904954848868e-03
5.359579148920478979e-03
5.356141392886108223e-03
5.352703636851737466e-03
5.349265880817366710e-03
5.345828124782995953e-03
5.342390368748626064e-03
5.338952612714255308e-03
5.335514856679884552e-03
5.332077100645513795e-03
5.328639344611143039e-03
5.325201588576772282e-03
5.321763832542402393e-03
5.318326076508031637e-03
5.314888320473660881e-03
5.311450564439290124e-03
5.308012808404919368e-03
5.304575052370549479e-03
5.301137296336178723e-03
5.297699540301807966e-03
5.294261784267437210e-03
5.290824028233066453e-03
5.287386272198695697e-03
5.283948516164325808e-03
5.280510760129955052e-03
5.277073004095584295e-03
5.273635248061213539e-03
5.270197492026842782e-03
5.266759735992472026e-03
5.263321979958102137e-03
5.259884223923731381e-03
5.256446467889360624e-03
5.253008711854989868e-03
5.249570955820619111e-03
5.246133199786249222e-03
5.242695443751878466e-03
5.239257687717507710e-03
5.235819931683136953e-03
5.232382175648766197e-03
5.228944419614395440e-03
5.225506663580025551e-03
5.222068907545654795e-03
5.218631151511284039e-03
5.215193395476913282e-03
5.211755639442542526e-03
5.208317883408172637e-03
5.204880127373801880e-03
5.201442371339431124e-03
5.197894683382196963e-03
5.194237063502100266e-03
5.190579443622002700e-03
5.186921823741905135e-03
5.183264203861808438e-03
5.179606583981710873e-03
5.175948964101613307e-03
5.172291344221516610e-03
5.168633724341419045e-03
5.164976104461322347e-03
5.161318484581224782e-03
5.157660864701127217e-03
5.154003244821030519e-03
5.150345624940932954e-03
5.146688005060835389e-03
5.143030385180738691e-03
5.139372765300641126e-03
5.135715145420544428e-03
5.132057525540446863e-03
5.128399905660349298e-03
5.124742285780252600e-03
5.121084665900155035e-03
5.117427046020057470e-03
5.113769426139960772e-03
5.110111806259863207e-03
5.106454186379766509e-03
5.102796566499668944e-03
5.099138946619571379e-03
5.095481326739474681e-03
5.091823706859377116e-03
5.088166086979279551e-03
5.084508467099182853e-03
5.080850847219085288e-03
5.077193227338988590e-03
5.073535607458891025e-03
5.069877987578793460e-03
5.066220367698696762e-03
5.062562747818599197e-03
5.058905127938502500e-03
5.055247508058404934e-03
5.051589888178307369e-03
5.047932268298210672e-03
5.044274648418113106e-03
5.040617028538015541e-03
5.036959408657918844e-03
5.033301788777821278e-03
5.029644168897724581e-03
5.025986549017627016e-03
5.022328929137529450e-03
5.018671309257432753e-03
5.015013689377335188e-03
5.011356069497237622e-03
5.007698449617140925e-03
5.004040829737043360e-03
5.000383209856946662e-03
4.996725589976849097e-03
4.993067970096751532e-03
4.989410350216654834e-03
4.985752730336557269e-03
4.982095110456459704e-03
4.978437490576363006e-03
4.975141832245587314e-03
4.972208135464133497e-03
4.969274438682679679e-03
4.966340741901225861e-03
4.963407045119772043e-03
4.960473348338319093e-03
4.957539651556865275e-03
4.954605954775411457e-03
4.951672257993957639e-03
4.948738561212503821e-03
4.945804864431050003e-03
4.942871167649596185e-03
4.939937470868142368e-03
4.937003774086688550e-03
4.934070077305234732e-03
4.931136380523781781e-03
4.928202683742327964e-03
4.925268986960874146e-03
4.922335290179420328e-03
4.919401593397966510e-03
4.916467896616512692e-03
4.913534199835058874e-03
4.910600503053605057e-03
4.907666806272151239e-03
4.904733109490697421e-03
4.901799412709243603e-03
4.898865715927790652e-03
4.895932019146336835e-03
4.892998322364883017e-03
4.890064625583429199e-03
4.887130928801975381e-03
4.884197232020521563e-03
4.881263535239067745e-03
4.878329838457613928e-03
4.875396141676160110e-03
4.872462444894706292e-03
4.869528748113253341e-03
4.866595051331799524e-03
4.863661354550345706e-03
4.860727657768891888e-03
4.857793960987438070e-03
4.854860264205984252e-03
4.851926567424530434e-03
4.848992870643076616e-03
4.846059173861622799e-03
4.843125477080168981e-03
4.840191780298716030e-03
4.837258083517262212e-03
4.834324386735808395e-03
4.831390689954354577e-03
4.828456993172900759e-03
4.825523296391446941e-03
4.822589599609993123e-03
4.819655902828539305e-03
4.816722206047085487e-03
4.813788509265631670e-03
4.810854812484178719e-03
4.807921115702724901e-03
4.804987418921271083e-03
4.802053722139817266e-03
4.799120025358363448e-03
4.796283178412427337e-03
4.793543181302008065e-03
4.790803184191589660e-03
4.788063187081171256e-03
4.785323189970751984e-03
4.782583192860333579e-03
4.779843195749914307e-03
4.777103198639495903e-03
4.774363201529077498e-03
4.771623204418658226e-03
4.768883207308239822e-03
4.766143210197820550e-03
4.763403213087402145e-03
4.760663215976982873e-03
4.757923218866564469e-03
4.755183221756146064e-03
4.752443224645726792e-03
4.749703227535308388e-03
4.746963230424889116e-03
4.744223233314470711e-03
4.741483236204052307e-03
4.738743239093633035e-03
4.736003241983214630e-03
4.733263244872795358e-03
4.730523247762376954e-03
4.727783250651958549e-03
4.725043253541539277e-03
4.722303256431120873e-03
4.719563259320701601e-03
4.716823262210283196e-03
4.714083265099864792e-03
4.711343267989445520e-03
4.708603270879027115e-03
4.705863273768607843e-03
4.703123276658189439e-03
4.700383279547770167e-03
4.697643282437351762e-03
4.694903285326933358e-03
4.692163288216514086e-03
4.689423291106095681e-03
4.686683293995676410e-03
4.683943296885258005e-03
4.681203299774839600e-03
4.678463302664420329e-03
4.675723305554001924e-03
4.672983308443582652e-03
4.670243311333164248e-03
4.667503314222745843e-03
4.664763317112326571e-03
4.662023320001908167e-03
4.659283322891488895e-03
4.656543325781070490e-03
4.653803328670651218e-03
4.651063331560232814e-03
4.648323334449814409e-03
4.645583337339395137e-03
4.642843340228976733e-03
4.640103343118557461e-03
4.637363346008139056e-03
4.634623348897720652e-03
4.631883351787301380e-03
4.629121722138420172e-03
4.626338459951076162e-03
4.623555197763732152e-03
4.620771935576388142e-03
4.617988673389044132e-03
4.615205411201700123e-03
4.612422149014356113e-03
4.609638886827012103e-03
4.606855624639668093e-03
4.604072362452324083e-03
4.601289100264980940e-03
4.598505838077636930e-03
4.595722575890292920e-03
4.592939313702948910e-03
4.590156051515604900e-03
4.587372789328260890e-03
4.584589527140916880e-03
4.581806264953572870e-03
4.579023002766228860e-03
4.576239740578884850e-03
4.573456478391540840e-03
4.570673216204196830e-03
4.567889954016852820e-03
4.565106691829508810e-03
4.562323429642164800e-03
4.559540167454820790e-03
4.556756905267476780e-03
4.553973643080132770e-03
4.551190380892788760e-03
4.548407118705444750e-03
4.545623856518101608e-03
4.542840594330757598e-03
4.540057332143413588e-03
4.537274069956069578e-03
4.534490807768725568e-03
4.531707545581381558e-03
4.528924283394037548e-03
4.526141021206693538e-03
4.523357759019349528e-03
4.520574496832005518e-03
4.517791234644661508e-03
4.515007972457317498e-03
4.512224710269973488e-03
4.509441448082629478e-03
4.506658185895285468e-03
4.503874923707941458e-03
4.501091661520597448e-03
4.498308399333253438e-03
4.495525137145909428e-03
4.492741874958565418e-03
4.489958612771221408e-03
4.487175350583878265e-03
4.484392088396534255e-03
4.481608826209190245e-03
4.478825564021846235e-03
4.476042301834502225e-03
4.473259039647158215e-03
4.470475777459814205e-03
4.467692515272470195e-03
4.464909253085126185e-03
4.462125990897782175e-03
4.459556920644963847e-03
4.457202042326672067e-03
4.454847164008380288e-03
4.452492285690087641e-03
4.450137407371795861e-03
4.447782529053503214e-03
4.445427650735211435e-03
4.443072772416919655e-03
4.440717894098627008e-03
4.438363015780335229e-03
4.436008137462042582e-03
4.433653259143750802e-03
4.431298380825459023e-03
4.428943502507166376e-03
4.426588624188874596e-03
4.424233745870581949e-03
4.421878867552290170e-03
4.419523989233998390e-03
4.417169110915705743e-03
4.414814232597413964e-03
4.412459354279121317e-03
4.410104475960829537e-03
4.407749597642537757e-03
4.405394719324245111e-03
4.403039841005953331e-03
4.400684962687660684e-03
4.398330084369368904e-03
4.395975206051077125e-03
4.393620327732784478e-03
4.391265449414492698e-03
4.388910571096200919e-03
4.386555692777908272e-03
4.384200814459616492e-03
4.381845936141323845e-03
4.379491057823032066e-03
4.377136179504740286e-03
4.374781301186447639e-03
4.372426422868155860e-03
4.370071544549863213e-03
4.367716666231571433e-03
4.365361787913279654e-03
4.363006909594987007e-03
4.360652031276695227e-03
4.358297152958402580e-03
4.355942274640110801e-03
4.353587396321819021e-03
4.351232518003526374e-03
4.348877639685234595e-03
4.346522761366941948e-03
4.344167883048650168e-03
4.341813004730358388e-03
4.339458126412065742e-03
4.337103248093773962e-03
4.334748369775481315e-03
4.332393491457189535e-03
4.330038613138897756e-03
4.327683734820605109e-03
4.325328856502313329e-03
4.322973978184020682e-03
4.320619099865728903e-03
4.318264221547437123e-03
4.315915774026326569e-03
4.313573757302398975e-03
4.311231740578471382e-03
4.308889723854543788e-03
4.306547707130616194e-03
4.304205690406688600e-03
4.301863673682760139e-03
4.299521656958832545e-03
4.297179640234904952e-03
4.294837623510977358e-03
4.292495606787049764e-03
4.290153590063122170e-03
4.287811573339193709e-03
4.285469556615266115e-03
4.283127539891338521e-03
4.280785523167410928e-03
4.278443506443483334e-03
4.276101489719555740e-03
4.273759472995627279e-03
4.271417456271699685e-03
4.269075439547772091e-03
4.266733422823844497e-03
4.264391406099916904e-03
4.262049389375989310e-03
4.259707372652060849e-03
4.257365355928133255e-03
4.255023339204205661e-03
4.252681322480278067e-03
4.250339305756350473e-03
4.247997289032422880e-03
4.245655272308494418e-03
4.243313255584566825e-03
4.240971238860639231e-03
4.238629222136711637e-03
4.236287205412784043e-03
4.233945188688856449e-03
4.231603171964928856e-03
4.229261155241000394e-03
4.226919138517072801e-03
4.224577121793145207e-03
4.222235105069217613e-03
4.219893088345290019e-03
4.217551071621362425e-03
4.215209054897433964e-03
4.212867038173506370e-03
4.210525021449578777e-03
4.208183004725651183e-03
4.205840988001723589e-03
4.203498971277795995e-03
4.201156954553867534e-03
4.198814937829939940e-03
4.196472921106012346e-03
4.194130904382084753e-03
4.191788887658157159e-03
4.189446870934229565e-03
4.187104854210301104e-03
4.184762837486373510e-03
4.182420820762445916e-03
4.180078804038518323e-03
4.177736787314590729e-03
4.175394770590663135e-03
4.173103500475441527e-03
4.170862976968926772e-03
4.168622453462412017e-03
4.166381929955897262e-03
4.164141406449382507e-03
4.161900882942867752e-03
4.159660359436352997e-03
4.157419835929838242e-03
4.155179312423323487e-03
4.152938788916808732e-03
4.150698265410293110e-03
4.148457741903778355e-03
4.146217218397263600e-03
4.143976694890748845e-03
4.141736171384234090e-03
4.139495647877719335e-03
4.137255124371204580e-03
4.135014600864689825e-03
4.132774077358175070e-03
4.130533553851660315e-03
4.128293030345145560e-03
4.126052506838630805e-03
4.123811983332116050e-03
4.121571459825601295e-03
4.119330936319086540e-03
4.117090412812571786e-03
4.114849889306057031e-03
4.112609365799542276e-03
4.110368842293027521e-03
4.108128318786512766e-03
4.105887795279997143e-03
4.103647271773482388e-03
4.101406748266967633e-03
4.099166224760452878e-03
4.096925701253938124e-03
4.094685177747423369e-03
4.092444654240908614e-03
4.090204130734393859e-03
4.087963607227879104e-03
4.085723083721364349e-03
4.083482560214849594e-03
4.081242036708334839e-03
4.079001513201820084e-03
4.076760989695305329e-03
4.074520466188790574e-03
4.072279942682275819e-03
4.070039419175761064e-03
4.067798895669246309e-03
4.065558372162731554e-03
4.063317848656216799e-03
4.061077325149702044e-03
4.058836801643186422e-03
4.056596278136671667e-03
4.054355754630156912e-03
4.052115231123642157e-03
4.049874707617127402e-03
4.047634184110612647e-03
4.045393660604097892e-03
4.043153137097583137e-03
4.040912613591068382e-03
4.038672090084553627e-03
4.036390383923954203e-03
4.034067495109270110e-03
4.031744606294586017e-03
4.029421717479901056e-03
4.027098828665216963e-03
4.024775939850532870e-03
4.022453051035848777e-03
4.020130162221164684e-03
4.017807273406479723e-03
4.015484384591795630e-03
4.013161495777111537e-03
4.010838606962427444e-03
4.008515718147743351e-03
4.006192829333059258e-03
4.003869940518374297e-03
4.001547051703690204e-03
3.999224162889006111e-03
3.996901274074322018e-03
3.994578385259637925e-03
3.992255496444952964e-03
3.989932607630268871e-03
3.987609718815584778e-03
3.985286830000900685e-03
3.982963941186216592e-03
3.980641052371532498e-03
3.978318163556847538e-03
3.975995274742163445e-03
3.973672385927479352e-03
3.971349497112795258e-03
3.969026608298111165e-03
3.966703719483426205e-03
3.964380830668742112e-03
3.962057941854058019e-03
3.959735053039373925e-03
3.957412164224689832e-03
3.955089275410005739e-03
3.952766386595320779e-03
3.950443497780636685e-03
3.948120608965952592e-03
3.945797720151268499e-03
3.943474831336584406e-03
3.941151942521900313e-03
3.938829053707215352e-03
3.936506164892531259e-03
3.934183276077847166e-03
3.931860387263163073e-03
3.929537498448478980e-03
3.927214609633794019e-03
3.924891720819109926e-03
3.922568832004425833e-03
3.920245943189741740e-03
3.917923054375057647e-03
3.915600165560373554e-03
3.913277276745688593e-03
3.910954387931004500e-03
3.908631499116320407e-03
3.906308610301636314e-03
3.903985721486951787e-03
3.901662832672267694e-03
3.899339943857583601e-03
3.897017055042899074e-03
3.895004007908330762e-03
3.893300802453878232e-03
3.891597596999425701e-03
3.889894391544973604e-03
3.888191186090521074e-03
3.886487980636068543e-03
3.884784775181616013e-03
3.883081569727163482e-03
3.881378364272710952e-03
3.879675158818258855e-03
3.877971953363806325e-03
3.876268747909353794e-03
3.874565542454901264e-03
3.872862337000448733e-03
3.871159131545996203e-03
3.869455926091544106e-03
3.867752720637091576e-03
3.866049515182639045e-03
3.864346309728186515e-03
3.862643104273733984e-03
3.860939898819281454e-03
3.859236693364829357e-03
3.857533487910376827e-03
3.855830282455924296e-03
3.854127077001471766e-03
3.852423871547019235e-03
3.850720666092566705e-03
3.849017460638114608e-03
3.847314255183662077e-03
3.845611049729209547e-03
3.843907844274757016e-03
3.842204638820304486e-03
3.840501433365851956e-03
3.838798227911399859e-03
3.837095022456947328e-03
3.835391817002494798e-03
3.833688611548042267e-03
3.831985406093589737e-03
3.830282200639137206e-03
3.828578995184684676e-03
3.826875789730232579e-03
3.825172584275780049e-03
3.823469378821327518e-03
3.821766173366874988e-03
3.820062967912422457e-03
3.818359762457969927e-03
3.816656557003517830e-03
3.814953351549065300e-03
3.813250146094612769e-03
3.811546940640160239e-03
3.809843735185707708e-03
3.808140529731255178e-03
3.806437324276803081e-03
3.804734118822350551e-03
3.803030913367898020e-03
3.801327707913445490e-03
3.799624502458992959e-03
3.797921297004540429e-03
3.796218091550088332e-03
3.794514886095635801e-03
3.792811680641183271e-03
3.791044297690570903e-03
3.789212737243798697e-03
3.787381176797026492e-03
3.785549616350254720e-03
3.783718055903482515e-03
3.781886495456710309e-03
3.780054935009938104e-03
3.778223374563165898e-03
3.776391814116394127e-03
3.774560253669621921e-03
3.772728693222849716e-03
3.770897132776077510e-03
3.769065572329305305e-03
3.767234011882533533e-03
3.765402451435761327e-03
3.763570890988989122e-03
3.761739330542216916e-03
3.759907770095444711e-03
3.758076209648672939e-03
3.756244649201900734e-03
3.754413088755128528e-03
3.752581528308356323e-03
3.750749967861584117e-03
3.748918407414812345e-03
3.747086846968040140e-03
3.745255286521267934e-03
3.743423726074495729e-03
3.741592165627723524e-03
3.739760605180951752e-03
3.737929044734179546e-03
3.736097484287407341e-03
3.734265923840635135e-03
3.732434363393862930e-03
3.730602802947091158e-03
3.728771242500318953e-03
3.726939682053546747e-03
3.725108121606774542e-03
3.723276561160002336e-03
3.721445000713230564e-03
3.719613440266458359e-03
3.717781879819686153e-03
3.715950319372913948e-03
3.714118758926141742e-03
3.712287198479369971e-03
3.710455638032597765e-03
3.708624077585825560e-03
3.706792517139053354e-03
3.704960956692281149e-03
3.703129396245509377e-03
3.701297835798737172e-03
3.699466275351964966e-03
3.697634714905192761e-03
3.695803154458420555e-03
3.693971594011648783e-03
3.692140033564876578e-03
3.690308473118104372e-03
3.688476912671332167e-03
3.686645352224559961e-03
3.684813791777787756e-03
3.682982231331015984e-03
3.681150670884243779e-03
3.679360252916609540e-03
3.677610977428113700e-03
3.675861701939617861e-03
3.674112426451122022e-03
3.672363150962625750e-03
3.670613875474129911e-03
3.668864599985634072e-03
3.667115324497138232e-03
3.665366049008641960e-03
3.663616773520146121e-03
3.661867498031650282e-03
3.660118222543154009e-03
3.658368947054658170e-03
3.656619671566162331e-03
3.654870396077666492e-03
3.653121120589170219e-03
3.651371845100674380e-03
3.649622569612178541e-03
3.647873294123682702e-03
3.646124018635186429e-03
3.644374743146690590e-03
3.642625467658194751e-03
3.640876192169698912e-03
3.639126916681202639e-03
3.637377641192706800e-03
3.635628365704210961e-03
3.633879090215715122e-03
3.632129814727218849e-03
3.630380539238723010e-03
3.628631263750227171e-03
3.626881988261731332e-03
3.625132712773235059e-03
3.623383437284739220e-03
3.621634161796243381e-03
3.619884886307747109e-03
3.618135610819251270e-03
3.616386335330755430e-03
3.614637059842259591e-03
3.612887784353763319e-03
3.611138508865267480e-03
3.609389233376771641e-03
3.607639957888275802e-03
3.605890682399779529e-03
3.604141406911283690e-03
3.602392131422787851e-03
3.600642855934292012e-03
3.598893580445795739e-03
3.597144304957299900e-03
3.595395029468804061e-03
3.593645753980308222e-03
3.591896478491811949e-03
3.590147203003316110e-03
3.588397927514820271e-03
3.586648652026323998e-03
3.584899376537828159e-03
3.583150101049332320e-03
3.581400825560836481e-03
3.579651550072340208e-03
3.577902274583844369e-03
3.576152999095348530e-03
3.574403723606852691e-03
3.572775588032408613e-03
3.571268592372016729e-03
3.569761596711624844e-03
3.568254601051232960e-03
3.566747605390840643e-03
3.565240609730448759e-03
3.563733614070056874e-03
3.562226618409664990e-03
3.560719622749273106e-03
3.559212627088881222e-03
3.557705631428489338e-03
3.556198635768097020e-03
3.554691640107705136e-03
3.553184644447313252e-03
3.551677648786921368e-03
3.550170653126529484e-03
3.548663657466137600e-03
3.547156661805745716e-03
3.545649666145353832e-03
3.544142670484961514e-03
3.542635674824569630e-03
3.541128679164177746e-03
3.539621683503785862e-03
3.538114687843393977e-03
3.536607692183002093e-03
3.535100696522610209e-03
3.533593700862218325e-03
3.532086705201826007e-03
3.530579709541434123e-03
3.529072713881042239e-03
3.527565718220650355e-03
3.526058722560258471e-03
3.524551726899866587e-03
3.523044731239474703e-03
3.521537735579082385e-03
3.520030739918690501e-03
3.518523744258298617e-03
3.517016748597906733e-03
3.515509752937514849e-03
3.514002757277122965e-03
3.512495761616731080e-03
3.510988765956339196e-03
3.509481770295946879e-03
3.507974774635554994e-03
3.506467778975163110e-03
3.504960783314771226e-03
3.503453787654379342e-03
3.501946791993987458e-03
3.500439796333595574e-03
3.498932800673203690e-03
3.497425805012811372e-03
3.495918809352419488e-03
3.494411813692027604e-03
3.492904818031635720e-03
3.491397822371243836e-03
3.489890826710851952e-03
3.488383831050460068e-03
3.486876835390067750e-03
3.485369839729675866e-03
3.483862844069283982e-03
3.482355848408892098e-03
3.480709238841481548e-03
3.478923015367052334e-03
3.477136791892623119e-03
3.475350568418193904e-03
3.473564344943764690e-03
3.471778121469335475e-03
3.469991897994905827e-03
3.468205674520476612e-03
3.466419451046047397e-03
3.464633227571618183e-03
3.462847004097188968e-03
3.461060780622759753e-03
3.459274557148330539e-03
3.457488333673901324e-03
3.455702110199472109e-03
3.453915886725042895e-03
3.452129663250613680e-03
3.450343439776184466e-03
3.448557216301754817e-03
3.446770992827325603e-03
3.444984769352896388e-03
3.443198545878467173e-03
3.441412322404037959e-03
3.439626098929608744e-03
3.437839875455179529e-03
3.436053651980750315e-03
3.434267428506321100e-03
3.432481205031891885e-03
3.430694981557462671e-03
3.428908758083033456e-03
3.427122534608604242e-03
3.425336311134174593e-03
3.423550087659745379e-03
3.421763864185316164e-03
3.419977640710886949e-03
3.418191417236457735e-03
3.416405193762028520e-03
3.414618970287599305e-03
3.412832746813170091e-03
3.411046523338740876e-03
3.409260299864311661e-03
3.407474076389882447e-03
3.405687852915452798e-03
3.403901629441023584e-03
3.402115405966594369e-03
3.400329182492165155e-03
3.398542959017735940e-03
3.396756735543306725e-03
3.394970512068877511e-03
3.393184288594448296e-03
3.391398065120019081e-03
3.389611841645589867e-03
3.387825618171160652e-03
3.386039394696731437e-03
3.384253171222302223e-03
3.382466947747872574e-03
3.380680724273443360e-03
3.378894500799014145e-03
3.377108277324584931e-03
3.375322053850155716e-03
3.373535830375726501e-03
3.371905538064453797e-03
3.370431176916337170e-03
3.368956815768220543e-03
3.367482454620103916e-03
3.366008093471987289e-03
3.364533732323870662e-03
3.363059371175754035e-03
3.361585010027637408e-03
3.360110648879520781e-03
3.358636287731404154e-03
3.357161926583287527e-03
3.355687565435170900e-03
3.354213204287054707e-03
3.352738843138938080e-03
3.351264481990821453e-03
3.349790120842704826e-03
3.348315759694588199e-03
3.346841398546471572e-03
3.345367037398354945e-03
3.343892676250238317e-03
3.342418315102121690e-03
3.340943953954005063e-03
3.339469592805888436e-03
3.337995231657771809e-03
3.336520870509655616e-03
3.335046509361538989e-03
3.333572148213422362e-03
3.332097787065305735e-03
3.330623425917189108e-03
3.329149064769072481e-03
3.327674703620955854e-03
3.326200342472839227e-03
3.324725981324722600e-03
3.323251620176605973e-03
3.321777259028489346e-03
3.320302897880372719e-03
3.318828536732256092e-03
3.317354175584139898e-03
3.315879814436023271e-03
3.314405453287906644e-03
3.312931092139790017e-03
3.311456730991673390e-03
3.309982369843556763e-03
3.308508008695440136e-03
3.307033647547323509e-03
3.305559286399206882e-03
3.304084925251090255e-03
3.302610564102973628e-03
3.301136202954857001e-03
3.299661841806740808e-03
3.298187480658624181e-03
3.296713119510507554e-03
3.295238758362390927e-03
3.293764397214274300e-03
3.292290036066157673e-03
3.290815674918041046e-03
3.289341313769924419e-03
3.287866952621807792e-03
3.286392591473691165e-03
3.284918230325574538e-03
3.283443869177457911e-03
3.281946437379046171e-03
3.280425934930338884e-03
3.278905432481632031e-03
3.277384930032924745e-03
3.275864427584217458e-03
3.274343925135510605e-03
3.272823422686803319e-03
3.271302920238096032e-03
3.269782417789388745e-03
3.268261915340681893e-03
3.266741412891974606e-03
3.265220910443267319e-03
3.263700407994560033e-03
3.262179905545853180e-03
3.260659403097145893e-03
3.259138900648438607e-03
3.257618398199731754e-03
3.256097895751024467e-03
3.254577393302317181e-03
3.253056890853609894e-03
3.251536388404903041e-03
3.250015885956195755e-03
3.248495383507488468e-03
3.246974881058781615e-03
3.245454378610074329e-03
3.243933876161367042e-03
3.242413373712659756e-03
3.240892871263952903e-03
3.239372368815245616e-03
3.237851866366538330e-03
3.236331363917831043e-03
3.234810861469124190e-03
3.233290359020416904e-03
3.231769856571709617e-03
3.230249354123002764e-03
3.228728851674295477e-03
3.227208349225588191e-03
3.225687846776880904e-03
3.224167344328174051e-03
3.222646841879466765e-03
3.221126339430759478e-03
3.219605836982052625e-03
3.218085334533345339e-03
3.216564832084638052e-03
3.215044329635930766e-03
3.213523827187223913e-03
3.212003324738516626e-03
3.210482822289809340e-03
3.208962319841102487e-03
3.207441817392395200e-03
3.205921314943687914e-03
3.204400812494980627e-03
3.202880310046273774e-03
3.201359807597566488e-03
3.199839305148859201e-03
3.198318802700151915e-03
3.196798300251445062e-03
3.195277797802737775e-03
3.193757295354030488e-03
3.192236792905323636e-03
3.190716290456616349e-03
3.189355008690118991e-03
3.188152947605831129e-03
3.186950886521543701e-03
3.185748825437255839e-03
3.184546764352968410e-03
3.183344703268680548e-03
3.182142642184393119e-03
3.180940581100105257e-03
3.179738520015817829e-03
3.178536458931529966e-03
3.177334397847242104e-03
3.176132336762954676e-03
3.174930275678666813e-03
3.173728214594379385e-03
3.172526153510091523e-03
3.171324092425804094e-03
3.170122031341516232e-03
3.168919970257228803e-03
3.167717909172940941e-03
3.166515848088653513e-03
3.165313787004365650e-03
3.164111725920078222e-03
3.162909664835790360e-03
3.161707603751502931e-03
3.160505542667215069e-03
3.159303481582927640e-03
3.158101420498639778e-03
3.156899359414352350e-03
3.155697298330064487e-03
3.154495237245777059e-03
3.153293176161489197e-03
3.152091115077201335e-03
3.150889053992913906e-03
3.149686992908626044e-03
3.148484931824338615e-03
3.147282870740050753e-03
3.146080809655763325e-03
3.144878748571475462e-03
3.143676687487188034e-03
3.142474626402900172e-03
3.141272565318612743e-03
3.140070504234324881e-03
3.138868443150037452e-03
3.137666382065749590e-03
3.136464320981462162e-03
3.135262259897174299e-03
3.134060198812886871e-03
3.132858137728599009e-03
3.131656076644311580e-03
3.130454015560023718e-03
3.129251954475736289e-03
3.128049893391448427e-03
3.126847832307160565e-03
3.125645771222873136e-03
3.124443710138585274e-03
3.123241649054297846e-03
3.122039587970009984e-03
3.120837526885722555e-03
3.119635465801434693e-03
3.118433404717147264e-03
3.117231343632859402e-03
3.115960280560697154e-03
3.114620215500660521e-03
3.113280150440623454e-03
3.111940085380586387e-03
3.110600020320549754e-03
3.109259955260512687e-03
3.107919890200476053e-03
3.106579825140438986e-03
3.105239760080401919e-03
3.103899695020365286e-03
3.102559629960328219e-03
3.101219564900291586e-03
3.099879499840254519e-03
3.098539434780217885e-03
3.097199369720180818e-03
3.095859304660143752e-03
3.094519239600107118e-03
3.093179174540070051e-03
3.091839109480033418e-03
3.090499044419996351e-03
3.089158979359959284e-03
3.087818914299922651e-03
3.086478849239885584e-03
3.085138784179848950e-03
3.083798719119811883e-03
3.082458654059774816e-03
3.081118588999738183e-03
3.079778523939701116e-03
3.078438458879664483e-03
3.077098393819627416e-03
3.075758328759590349e-03
3.074418263699553715e-03
3.073078198639516648e-03
3.071738133579480015e-03
3.070398068519442948e-03
3.069058003459406315e-03
3.067717938399369248e-03
3.066377873339332181e-03
3.065037808279295548e-03
3.063697743219258481e-03
3.062357678159221847e-03
3.061017613099184780e-03
3.059677548039147713e-03
3.058337482979111080e-03
3.056997417919074013e-03
3.055657352859037380e-03
3.054317287799000313e-03
3.052977222738963246e-03
3.051637157678926612e-03
3.050297092618889545e-03
3.048957027558852912e-03
3.047616962498815845e-03
3.046276897438779212e-03
3.044936832378742145e-03
3.043596767318705078e-03
3.042256702258668444e-03
3.040916637198631377e-03
3.039576572138594744e-03
3.038236507078557677e-03
3.036896442018520610e-03
3.035556376958483977e-03
3.034224909185983740e-03
3.032902038701020334e-03
3.031579168216057361e-03
3.030256297731093954e-03
3.028933427246130548e-03
3.027610556761167575e-03
3.026287686276204168e-03
3.024964815791240762e-03
3.023641945306277355e-03
3.022319074821314382e-03
3.020996204336350976e-03
3.019673333851387569e-03
3.018350463366424163e-03
3.017027592881461190e-03
3.015704722396497783e-03
3.014381851911534377e-03
3.013058981426571404e-03
3.011736110941607997e-03
3.010413240456644591e-03
3.009090369971681184e-03
3.007767499486718211e-03
3.006444629001754805e-03
3.005121758516791398e-03
3.003798888031828426e-03
3.002476017546865019e-03
3.001153147061901613e-03
2.999830276576938206e-03
2.998507406091975233e-03
2.997184535607011827e-03
2.995861665122048420e-03
2.994538794637085014e-03
2.993215924152122041e-03
2.991893053667158634e-03
2.990570183182195228e-03
2.989247312697232255e-03
2.987924442212268848e-03
2.986601571727305442e-03
2.985278701242342035e-03
2.983955830757379062e-03
2.982632960272415656e-03
2.981310089787452249e-03
2.979987219302489276e-03
2.978664348817525870e-03
2.977341478332562463e-03
2.976018607847599057e-03
2.974695737362636084e-03
2.973372866877672677e-03
2.972049996392709271e-03
2.970727125907746298e-03
2.969404255422782891e-03
2.968081384937819485e-03
2.966758514452856078e-03
2.965435643967893106e-03
2.964112773482929699e-03
2.962789902997966292e-03
2.961467032513002886e-03
2.960144162028039913e-03
2.958821291543076507e-03
2.957498421058113100e-03
2.956175550573150127e-03
2.954852680088186721e-03
2.953563974227969759e-03
2.952309432992498810e-03
2.951054891757027860e-03
2.949800350521557344e-03
2.948545809286086394e-03
2.947291268050615445e-03
2.946036726815144929e-03
2.944782185579673979e-03
2.943527644344203029e-03
2.942273103108732513e-03
2.941018561873261564e-03
2.939764020637790614e-03
2.938509479402320098e-03
2.937254938166849148e-03
2.936000396931378199e-03
2.934745855695907683e-03
2.933491314460436733e-03
2.932236773224965783e-03
2.930982231989495267e-03
2.929727690754024318e-03
2.928473149518553368e-03
2.927218608283082852e-03
2.925964067047611902e-03
2.924709525812140953e-03
2.923454984576670437e-03
2.922200443341199487e-03
2.920945902105728537e-03
2.919691360870258021e-03
2.918436819634787072e-03
2.917182278399316122e-03
2.915927737163845172e-03
2.914673195928374656e-03
2.913418654692903707e-03
2.912164113457432757e-03
2.910909572221962241e-03
2.909655030986491291e-03
2.908400489751020342e-03
2.907145948515549826e-03
2.905891407280078876e-03
2.904636866044607926e-03
2.903382324809137410e-03
2.902127783573666461e-03
2.900873242338195511e-03
2.899618701102724995e-03
2.898364159867254045e-03
2.897109618631783096e-03
2.895855077396312580e-03
2.894600536160841630e-03
2.893345994925370680e-03
2.892091453689900164e-03
2.890836912454429215e-03
2.889582371218958265e-03
2.888327829983487749e-03
2.887073288748016799e-03
2.885818747512545850e-03
2.884564206277075334e-03
2.883309665041604384e-03
2.882055123806133434e-03
2.880800582570662918e-03
2.879546041335191969e-03
2.878291500099721019e-03
2.877159578773160267e-03
2.876150277355508846e-03
2.875140975937857425e-03
2.874131674520206004e-03
2.873122373102554583e-03
2.872113071684903162e-03
2.871103770267252175e-03
2.870094468849600754e-03
2.869085167431949333e-03
2.868075866014297912e-03
2.867066564596646491e-03
2.866057263178995070e-03
2.865047961761344082e-03
2.864038660343692661e-03
2.863029358926041240e-03
2.862020057508389819e-03
2.861010756090738398e-03
2.860001454673086977e-03
2.858992153255435990e-03
2.857982851837784569e-03
2.856973550420133148e-03
2.855964249002481727e-03
2.854954947584830306e-03
2.853945646167178885e-03
2.852936344749527897e-03
2.851927043331876476e-03
2.850917741914225055e-03
2.849908440496573634e-03
2.848899139078922213e-03
2.847889837661270792e-03
2.846880536243619371e-03
2.845871234825968384e-03
2.844861933408316963e-03
2.843852631990665542e-03
2.842843330573014120e-03
2.841834029155362699e-03
2.840824727737711278e-03
2.839815426320060291e-03
2.838806124902408870e-03
2.837796823484757449e-03
2.836787522067106028e-03
2.835778220649454607e-03
2.834768919231803186e-03
2.833759617814152199e-03
2.832750316396500777e-03
2.831741014978849356e-03
2.830731713561197935e-03
2.829722412143546514e-03
2.828713110725895093e-03
2.827703809308244106e-03
2.826694507890592685e-03
2.825685206472941264e-03
2.824675905055289843e-03
2.823666603637638422e-03
2.822657302219987001e-03
2.821648000802336013e-03
2.820638699384684592e-03
2.819629397967033171e-03
2.818620096549381750e-03
2.817610795131730329e-03
2.816601493714078908e-03
2.815600178446778321e-03
2.814606849329827701e-03
2.813613520212877080e-03
2.812620191095926894e-03
2.811626861978976273e-03
2.810633532862025653e-03
2.809640203745075032e-03
2.808646874628124845e-03
2.807653545511174225e-03
2.806660216394223605e-03
2.805666887277273418e-03
2.804673558160322797e-03
2.803680229043372177e-03
2.802686899926421556e-03
2.801693570809471370e-03
2.800700241692520749e-03
2.799706912575570129e-03
2.798713583458619942e-03
2.797720254341669321e-03
2.796726925224718701e-03
2.795733596107768514e-03
2.794740266990817894e-03
2.793746937873867273e-03
2.792753608756916653e-03
2.791760279639966466e-03
2.790766950523015846e-03
2.789773621406065225e-03
2.788780292289115038e-03
2.787786963172164418e-03
2.786793634055213797e-03
2.785800304938263177e-03
2.784806975821312990e-03
2.783813646704362370e-03
2.782820317587411749e-03
2.781826988470461563e-03
2.780833659353510942e-03
2.779840330236560322e-03
2.778847001119610135e-03
2.777853672002659514e-03
2.776860342885708894e-03
2.775867013768758274e-03
2.774873684651808087e-03
2.773880355534857466e-03
2.772887026417906846e-03
2.771893697300956659e-03
2.770900368184006039e-03
2.769907039067055418e-03
2.768913709950105231e-03
2.767920380833154611e-03
2.766927051716203990e-03
2.765933722599253370e-03
2.764940393482303183e-03
2.763947064365352563e-03
2.762953735248401942e-03
2.761960406131451756e-03
2.760967077014501135e-03
2.759973747897550515e-03
2.758980418780599894e-03
2.757987089663649707e-03
2.756993760546699087e-03
2.756000431429748466e-03
2.754969007660634187e-03
2.753899489239355815e-03
2.752829970818077444e-03
2.751760452396799506e-03
2.750690933975521134e-03
2.749621415554242762e-03
2.748551897132964390e-03
2.747482378711686019e-03
2.746412860290408080e-03
2.745343341869129709e-03
2.744273823447851337e-03
2.743204305026572965e-03
2.742134786605294593e-03
2.741065268184016222e-03
2.739995749762738284e-03
2.738926231341459912e-03
2.737856712920181540e-03
2.736787194498903168e-03
2.735717676077624796e-03
2.734648157656346858e-03
2.733578639235068487e-03
2.732509120813790115e-03
2.731439602392511743e-03
2.730370083971233371e-03
2.729300565549955000e-03
2.728231047128677061e-03
2.727161528707398690e-03
2.726092010286120318e-03
2.725022491864841946e-03
2.723952973443563574e-03
2.722883455022285203e-03
2.721813936601007265e-03
2.720744418179728893e-03
2.719674899758450521e-03
2.718605381337172149e-03
2.717535862915893777e-03
2.716466344494615839e-03
2.715396826073337468e-03
2.714327307652059096e-03
2.713257789230780724e-03
2.712188270809502352e-03
2.711118752388223981e-03
2.710049233966946042e-03
2.708979715545667671e-03
2.707910197124389299e-03
2.706840678703110927e-03
2.705771160281832555e-03
2.704701641860554617e-03
2.703632123439276246e-03
2.702562605017997874e-03
2.701493086596719502e-03
2.700423568175441130e-03
2.699354049754162758e-03
2.698284531332884820e-03
2.697215012911606449e-03
2.696145494490328077e-03
2.695075976069049705e-03
2.694006457647771333e-03
2.692936939226493395e-03
2.691867420805215023e-03
2.690797902383936652e-03
2.689668108358449911e-03
2.688478038728755234e-03
2.687287969099060557e-03
2.686097899469365880e-03
2.684907829839670770e-03
2.683717760209976093e-03
2.682527690580281416e-03
2.681337620950586306e-03
2.680147551320891629e-03
2.678957481691196952e-03
2.677767412061502275e-03
2.676577342431807165e-03
2.675387272802112488e-03
2.674197203172417811e-03
2.673007133542722701e-03
2.671817063913028024e-03
2.670626994283333347e-03
2.669436924653638670e-03
2.668246855023943560e-03
2.667056785394248883e-03
2.665866715764554206e-03
2.664676646134859529e-03
2.663486576505164419e-03
2.662296506875469742e-03
2.661106437245775065e-03
2.659916367616079955e-03
2.658726297986385278e-03
2.657536228356690601e-03
2.656346158726995924e-03
2.655156089097300814e-03
2.653966019467606137e-03
2.652775949837911460e-03
2.651585880208216350e-03
2.650395810578521673e-03
2.649205740948826996e-03
2.648015671319132319e-03
2.646825601689437209e-03
2.645635532059742532e-03
2.644445462430047855e-03
2.643255392800352745e-03
2.642065323170658068e-03
2.640875253540963391e-03
2.639685183911268714e-03
2.638495114281573604e-03
2.637305044651878927e-03
2.636114975022184250e-03
2.634924905392489573e-03
2.633734835762794463e-03
2.632544766133099786e-03
2.631354696503405109e-03
2.630164626873709999e-03
2.628974557244015322e-03
2.627784487614320645e-03
2.626594417984625968e-03
2.625404348354930858e-03
2.624214278725236181e-03
2.623024209095541504e-03
2.621834139465846394e-03
2.620644069836151717e-03
2.619454000206457040e-03
2.618263930576762363e-03
2.617217070163305095e-03
2.616313418966085668e-03
2.615409767768866675e-03
2.614506116571647248e-03
2.613602465374427822e-03
2.612698814177208829e-03
2.611795162979989402e-03
2.610891511782769975e-03
2.609987860585550549e-03
2.609084209388331556e-03
2.608180558191112129e-03
2.607276906993892703e-03
2.606373255796673276e-03
2.605469604599454283e-03
2.604565953402234856e-03
2.603662302205015430e-03
2.602758651007796437e-03
2.601854999810577010e-03
2.600951348613357583e-03
2.600047697416138157e-03
2.599144046218919164e-03
2.598240395021699737e-03
2.597336743824480310e-03
2.596433092627261317e-03
2.595529441430041891e-03
2.594625790232822464e-03
2.593722139035603037e-03
2.592818487838384044e-03
2.591914836641164618e-03
2.591011185443945191e-03
2.590107534246726198e-03
2.589203883049506771e-03
2.588300231852287345e-03
2.587396580655067918e-03
2.586492929457848925e-03
2.585589278260629498e-03
2.584685627063410072e-03
2.583781975866190645e-03
2.582878324668971652e-03
2.581974673471752225e-03
2.581071022274532799e-03
2.580167371077313806e-03
2.579263719880094379e-03
2.578360068682874953e-03
2.577456417485655526e-03
2.576552766288436533e-03
2.575649115091217106e-03
2.574745463893997680e-03
2.573841812696778687e-03
2.572938161499559260e-03
2.572034510302339833e-03
2.571130859105120407e-03
2.570227207907901414e-03
2.569323556710681987e-03
2.568419905513462560e-03
2.567516254316243134e-03
2.566612603119024141e-03
2.565708951921804714e-03
2.564805300724585287e-03
2.563901649527366294e-03
2.562997998330146868e-03
2.562052011949856895e-03
2.561063690386495943e-03
2.560075368823134991e-03
2.559087047259774039e-03
2.558098725696413087e-03
2.557110404133052569e-03
2.556122082569691617e-03
2.555133761006330665e-03
2.554145439442969713e-03
2.553157117879608761e-03
2.552168796316248243e-03
2.551180474752887291e-03
2.550192153189526339e-03
2.549203831626165387e-03
2.548215510062804435e-03
2.547227188499443917e-03
2.546238866936082965e-03
2.545250545372722013e-03
2.544262223809361061e-03
2.543273902246000109e-03
2.542285580682639590e-03
2.541297259119278638e-03
2.540308937555917686e-03
2.539320615992556734e-03
2.538332294429195782e-03
2.537343972865835264e-03
2.536355651302474312e-03
2.535367329739113360e-03
2.534379008175752408e-03
2.533390686612391456e-03
2.532402365049030504e-03
2.531414043485669986e-03
2.530425721922309034e-03
2.529437400358948082e-03
2.528449078795587130e-03
2.527460757232226178e-03
2.526472435668865660e-03
2.525484114105504708e-03
2.524495792542143756e-03
2.523507470978782804e-03
2.522519149415421852e-03
2.521530827852061334e-03
2.520542506288700382e-03
2.519554184725339430e-03
2.518565863161978478e-03
2.517577541598617526e-03
2.516589220035257007e-03
2.515600898471896055e-03
2.514612576908535103e-03
2.513624255345174151e-03
2.512635933781813199e-03
2.511647612218452681e-03
2.510659290655091729e-03
2.509670969091730777e-03
2.508682647528369825e-03
2.507694325965008873e-03
2.506706004401648355e-03
2.505717682838287403e-03
2.504729361274926451e-03
2.503741039711565499e-03
2.502752718148204547e-03
2.501817618515301839e-03
2.500935740812857376e-03
2.500053863110412479e-03
2.499171985407968016e-03
2.498290107705523552e-03
2.497408230003078655e-03
2.496526352300634192e-03
2.495644474598189295e-03
2.494762596895744831e-03
2.493880719193299934e-03
2.492998841490855471e-03
2.492116963788410574e-03
2.491235086085966111e-03
2.490353208383521647e-03
2.489471330681076750e-03
2.488589452978632287e-03
2.487707575276187390e-03
2.486825697573742926e-03
2.485943819871298029e-03
2.485061942168853566e-03
2.484180064466408669e-03
2.483298186763964206e-03
2.482416309061519742e-03
2.481534431359074845e-03
2.480652553656630382e-03
2.479770675954185485e-03
2.478888798251741021e-03
2.478006920549296124e-03
2.477125042846851661e-03
2.476243165144406764e-03
2.475361287441962301e-03
2.474479409739517837e-03
2.473597532037072940e-03
2.472715654334628477e-03
2.471833776632183580e-03
2.470951898929739116e-03
2.470070021227294219e-03
2.469188143524849756e-03
2.468306265822404859e-03
2.467424388119960395e-03
2.466542510417515932e-03
2.465660632715071035e-03
2.464778755012626572e-03
2.463896877310181675e-03
2.463014999607737211e-03
2.462133121905292314e-03
2.461251244202847851e-03
2.460369366500402954e-03
2.459487488797958490e-03
2.458605611095514027e-03
2.457723733393069130e-03
2.456841855690624667e-03
2.455959977988179770e-03
2.455078100285735306e-03
2.454196222583290409e-03
2.453314344880845946e-03
2.452432467178401049e-03
2.451550589475956585e-03
2.450668711773512122e-03
2.449786834071067225e-03
2.448904956368622762e-03
2.448009897133413687e-03
2.447101656365440001e-03
2.446193415597466315e-03
2.445285174829492630e-03
2.444376934061518944e-03
2.443468693293545258e-03
2.442560452525571572e-03
2.441652211757597887e-03
2.440743970989624635e-03
2.439835730221650949e-03
2.438927489453677263e-03
2.438019248685703577e-03
2.437111007917729891e-03
2.436202767149756206e-03
2.435294526381782520e-03
2.434386285613809268e-03
2.433478044845835582e-03
2.432569804077861896e-03
2.431661563309888210e-03
2.430753322541914525e-03
2.429845081773940839e-03
2.428936841005967153e-03
2.428028600237993467e-03
2.427120359470020215e-03
2.426212118702046529e-03
2.425303877934072844e-03
2.424395637166099158e-03
2.423487396398125472e-03
2.422579155630151786e-03
2.421670914862178101e-03
2.420762674094204848e-03
2.419854433326231163e-03
2.418946192558257477e-03
2.418037951790283791e-03
2.417129711022310105e-03
2.416221470254336420e-03
2.415313229486362734e-03
2.414404988718389048e-03
2.413496747950415796e-03
2.412588507182442110e-03
2.411680266414468424e-03
2.410772025646494739e-03
2.409863784878521053e-03
2.408955544110547367e-03
2.408047303342573681e-03
2.407139062574599996e-03
2.406230821806626743e-03
2.405322581038653058e-03
2.404414340270679372e-03
2.403506099502705686e-03
2.402597858734732000e-03
2.401689617966758315e-03
2.400781377198784629e-03
2.399873136430811377e-03
2.398964895662837691e-03
2.398056654894864005e-03
2.397148414126890319e-03
2.396240173358916634e-03
2.395331932590942948e-03
2.394423691822969262e-03
2.393515451054995576e-03
2.392710153766293684e-03
2.392007799956862718e-03
2.391305446147431752e-03
2.390603092338001220e-03
2.389900738528570254e-03
2.389198384719139288e-03
2.388496030909708755e-03
2.387793677100277789e-03
2.387091323290846823e-03
2.386388969481416291e-03
2.385686615671985325e-03
2.384984261862554359e-03
2.384281908053123827e-03
2.383579554243692861e-03
2.382877200434261895e-03
2.382174846624831362e-03
2.381472492815400396e-03
2.380770139005969430e-03
2.380067785196538898e-03
2.379365431387107932e-03
2.378663077577676966e-03
2.377960723768246434e-03
2.377258369958815468e-03
2.376556016149384502e-03
2.375853662339953969e-03
2.375151308530523003e-03
2.374448954721092037e-03
2.373746600911661505e-03
2.373044247102230539e-03
2.372341893292799573e-03
2.371639539483368607e-03
2.370937185673938075e-03
2.370234831864507109e-03
2.369532478055076143e-03
2.368830124245645610e-03
2.368127770436214644e-03
2.367425416626783678e-03
2.366723062817353146e-03
2.366020709007922180e-03
2.365318355198491214e-03
2.364616001389060682e-03
2.363913647579629716e-03
2.363211293770198750e-03
2.362508939960768217e-03
2.361806586151337251e-03
2.361104232341906285e-03
2.360401878532475753e-03
2.359699524723044787e-03
2.358997170913613821e-03
2.358294817104183289e-03
2.357592463294752323e-03
2.356890109485321357e-03
2.356187755675890824e-03
2.355485401866459858e-03
2.354783048057028892e-03
2.354080694247598360e-03
2.353378340438167394e-03
2.352675986628736428e-03
2.351973632819305896e-03
2.351271279009874930e-03
2.350568925200443963e-03
2.349723906275768583e-03
2.348736222235848787e-03
2.347748538195928557e-03
2.346760854156008328e-03
2.345773170116088532e-03
2.344785486076168303e-03
2.343797802036248074e-03
2.342810117996328278e-03
2.341822433956408048e-03
2.340834749916488253e-03
2.339847065876568023e-03
2.338859381836647794e-03
2.337871697796727998e-03
2.336884013756807769e-03
2.335896329716887539e-03
2.334908645676967744e-03
2.333920961637047514e-03
2.332933277597127718e-03
2.331945593557207489e-03
2.330957909517287260e-03
2.329970225477367464e-03
2.328982541437447235e-03
2.327994857397527005e-03
2.327007173357607209e-03
2.326019489317686980e-03
2.325031805277767184e-03
2.324044121237846955e-03
2.323056437197926725e-03
2.322068753158006930e-03
2.321081069118086700e-03
2.320093385078166905e-03
2.319105701038246675e-03
2.318118016998326446e-03
2.317130332958406650e-03
2.316142648918486421e-03
2.315154964878566191e-03
2.314167280838646396e-03
2.313179596798726166e-03
2.312191912758806370e-03
2.311204228718886141e-03
2.310216544678965912e-03
2.309228860639046116e-03
2.308241176599125886e-03
2.307253492559205657e-03
2.306265808519285861e-03
2.305278124479365632e-03
2.304290440439445836e-03
2.303302756399525607e-03
2.302315072359605377e-03
2.301327388319685582e-03
2.300339704279765352e-03
2.299352020239845123e-03
2.298364336199925327e-03
2.297376652160005098e-03
2.296388968120085302e-03
2.295401284080165073e-03
2.294413600040244843e-03
2.293425916000325047e-03
2.292438231960404818e-03
2.291450547920484589e-03
2.290462863880564793e-03
2.289641717740748591e-03
2.288987109501035982e-03
2.288332501261323808e-03
2.287677893021611199e-03
2.287023284781899025e-03
2.286368676542186416e-03
2.285714068302473808e-03
2.285059460062761633e-03
2.284404851823049025e-03
2.283750243583336850e-03
2.283095635343624242e-03
2.282441027103912067e-03
2.281786418864199459e-03
2.281131810624487284e-03
2.280477202384774676e-03
2.279822594145062501e-03
2.279167985905349893e-03
2.278513377665637718e-03
2.277858769425925110e-03
2.277204161186212501e-03
2.276549552946500327e-03
2.275894944706787718e-03
2.275240336467075544e-03
2.274585728227362935e-03
2.273931119987650760e-03
2.273276511747938152e-03
2.272621903508225977e-03
2.271967295268513369e-03
2.271312687028801194e-03
2.270658078789088586e-03
2.270003470549375978e-03
2.269348862309663803e-03
2.268694254069951195e-03
2.268039645830239020e-03
2.267385037590526412e-03
2.266730429350814237e-03
2.266075821111101628e-03
2.265421212871389454e-03
2.264766604631676845e-03
2.264111996391964671e-03
2.263457388152252062e-03
2.262802779912539888e-03
2.262148171672827279e-03
2.261493563433114671e-03
2.260838955193402496e-03
2.260184346953689888e-03
2.259529738713977713e-03
2.258875130474265105e-03
2.258220522234552930e-03
2.257565913994840322e-03
2.256911305755128147e-03
2.256256697515415539e-03
2.255602089275703364e-03
2.254947481035990756e-03
2.254292872796278581e-03
2.253638264556565973e-03
2.252983656316853364e-03
2.252329048077141189e-03
2.251674439837428581e-03
2.251019831597716406e-03
2.250365223358003798e-03
2.249678626000714988e-03
2.248960039525849108e-03
2.248241453050983663e-03
2.247522866576117783e-03
2.246804280101252337e-03
2.246085693626386458e-03
2.245367107151521012e-03
2.244648520676655132e-03
2.243929934201789687e-03
2.243211347726923807e-03
2.242492761252058361e-03
2.241774174777192916e-03
2.241055588302327036e-03
2.240337001827461590e-03
2.239618415352595711e-03
2.238899828877730265e-03
2.238181242402864386e-03
2.237462655927998940e-03
2.236744069453133060e-03
2.236025482978267614e-03
2.235306896503401735e-03
2.234588310028536289e-03
2.233869723553670410e-03
2.233151137078804964e-03
2.232432550603939084e-03
2.231713964129073639e-03
2.230995377654207759e-03
2.230276791179342313e-03
2.229558204704476434e-03
2.228839618229610988e-03
2.228121031754745109e-03
2.227402445279879663e-03
2.226683858805014217e-03
2.225965272330148337e-03
2.225246685855282892e-03
2.224528099380417012e-03
2.223809512905551566e-03
2.223090926430685687e-03
2.222372339955820241e-03
2.221653753480954362e-03
2.220935167006088916e-03
2.220216580531223036e-03
2.219497994056357591e-03
2.218779407581491711e-03
2.218060821106626265e-03
2.217342234631760386e-03
2.216623648156894940e-03
2.215905061682029061e-03
2.215186475207163615e-03
2.214467888732297735e-03
2.213749302257432289e-03
2.213030715782566844e-03
2.212312129307700964e-03
2.211593542832835518e-03
2.210874956357969639e-03
2.210156369883104193e-03
2.209437783408238314e-03
2.208719196933372868e-03
2.208000610458506988e-03
2.207282023983641542e-03
2.206563437508775663e-03
2.205765510874803555e-03
2.204888244081725217e-03
2.204010977288646880e-03
2.203133710495568543e-03
2.202256443702490206e-03
2.201379176909411869e-03
2.200501910116333532e-03
2.199624643323255194e-03
2.198747376530176857e-03
2.197870109737098086e-03
2.196992842944019749e-03
2.196115576150941412e-03
2.195238309357863075e-03
2.194361042564784738e-03
2.193483775771706400e-03
2.192606508978628063e-03
2.191729242185549726e-03
2.190851975392471389e-03
2.189974708599393052e-03
2.189097441806314281e-03
2.188220175013235944e-03
2.187342908220157606e-03
2.186465641427079269e-03
2.185588374634000932e-03
2.184711107840922595e-03
2.183833841047844258e-03
2.182956574254765920e-03
2.182079307461687583e-03
2.181202040668608812e-03
2.180324773875530475e-03
2.179447507082452138e-03
2.178570240289373801e-03
2.177692973496295464e-03
2.176815706703217126e-03
2.175938439910138789e-03
2.175061173117060452e-03
2.174183906323982115e-03
2.173306639530903778e-03
2.172429372737825007e-03
2.171552105944746670e-03
2.170674839151668332e-03
2.169797572358589995e-03
2.168920305565511658e-03
2.168043038772433321e-03
2.167165771979354984e-03
2.166288505186276647e-03
2.165411238393198309e-03
2.164533971600119538e-03
2.163656704807041201e-03
2.162779438013962864e-03
2.161902171220884527e-03
2.161024904427806190e-03
2.160147637634727853e-03
2.159270370841649515e-03
2.158393104048571178e-03
2.157515837255492841e-03
2.156638570462414504e-03
2.155761303669335733e-03
2.154884036876257396e-03
2.154006770083179059e-03
2.153129503290100721e-03
2.152252236497022384e-03
2.152252236497022384e-03
2.152252236497022384e-03
2.152252236497022384e-03
2.152252236497022384e-03
2.152252236497022384e-03
2.152252236497022384e-03
2.152252236497022384e-03
2.152252236497022384e-03
2.152252236497022384e-03
2.152252236497022384e-03
2.152252236497022384e-03
2.152252236497022384e-03
2.152252236497022384e-03
2.152252236497022384e-03
2.152252236497022384e-03
2.152252236497022384e-03
2.152252236497022384e-03
2.152252236497022384e-03
2.152252236497022384e-03
2.152252236497022384e-03
2.152252236497022384e-03
2.152252236497022384e-03
2.152252236497022384e-03
2.152252236497022384e-03
2.152252236497022384e-03
2.152252236497022384e-03
2.152252236497022384e-03
2.152252236497022384e-03
2.152252236497022384e-03
2.152252236497022384e-03
